trip,headway
101510,2233.333333
101610,555.789474
101610,453.333333
101710,495.789474
101710,527.368421
101810,625.263158
101810,490.000000
102110,1547.368421
102110,1657.894737
102410,315.789474
102410,325.263158
102510,748.235294
102510,800.000000
102610,1051.578947
102610,1083.157895
106A10,470.526316
106A10,400.000000
107T10,808.421053
107T10,790.000000
107T31,2700.000000
107T31,1800.000000
115610,631.578947
115610,600.000000
115631,2700.000000
115631,2880.000000
117710,900.000000
117710,900.000000
117731,2200.000000
117731,2700.000000
117742,2400.000000
117810,836.842105
117810,850.000000
117831,1105.263158
117831,1190.000000
117832,2400.000000
117833,2400.000000
117842,1800.000000
118C10,628.421053
118C10,610.000000
118C21,1800.000000
118C22,2400.000000
118C24,900.000000
118C41,3600.000000
118Y10,470.526316
118Y10,495.789474
119C10,824.210526
119C10,934.736842
119L10,2747.368421
119L10,2700.000000
120610,1000.000000
121G10,972.631579
128Y10,565.263158
128Y10,710.526316
129F10,543.157895
129F10,584.210526
129F41,1620.000000
129F41,2160.000000
138Y10,581.052632
138Y10,606.315789
148L10,476.842105
148L10,460.000000
148P10,846.315789
148P10,796.666667
170110,593.684211
170151,1260.000000
170210,694.736842
170210,650.000000
170310,1143.157895
170310,1116.666667
170510,296.842105
170510,325.263158
170910,517.894737
170921,1875.000000
172010,423.157895
172010,429.473684
172021,543.333333
172110,514.736842
172210,584.210526
172210,600.000000
172610,641.052632
172610,596.666667
172651,1200.000000
172651,2700.000000
172J10,331.578947
172J10,397.894737
172K10,742.105263
172K10,820.000000
172N10,729.473684
172N10,697.894737
172N21,720.000000
172N22,2100.000000
172P10,448.421053
172P10,446.666667
172R10,258.947368
172R10,300.000000
172U10,836.842105
172U10,794.117647
172X10,360.000000
172X10,438.947368
172Y10,590.526316
172Y10,526.666667
173010,596.470588
173210,1016.842105
173210,1083.333333
173810,925.263158
173810,916.666667
174110,707.368421
174110,640.000000
174121,3600.000000
174210,663.333333
174210,680.000000
174310,663.333333
174310,783.333333
174410,808.421053
174410,656.666667
174421,3600.000000
174510,1057.894737
174510,943.333333
174541,3600.000000
174M10,1016.842105
174M10,996.666667
175610,1054.736842
175610,893.333333
175710,903.157895
175810,770.526316
175810,683.333333
175910,710.526316
175910,720.000000
175921,3600.000000
175941,3600.000000
175P10,710.526316
175P10,713.333333
175T10,546.315789
175T10,476.842105
176010,1222.105263
176010,1166.666667
176041,3600.000000
176410,761.052632
176410,877.894737
176441,3600.000000
176441,1800.000000
176510,874.736842
176510,912.631579
176610,1800.000000
176710,798.947368
176710,636.666667
177110,1007.368421
177110,993.333333
177210,615.789474
177210,573.333333
177310,877.894737
177310,813.333333
177510,1783.333333
177510,1694.117647
177810,1064.210526
177H10,1152.631579
177H10,1173.333333
177P10,780.000000
177Y10,442.105263
177Y10,568.421053
178010,776.842105
178010,730.000000
178210,858.947368
178310,849.473684
178310,800.000000
178322,2700.000000
178341,2700.000000
178341,2400.000000
178510,833.684211
178510,931.578947
178610,388.421053
178610,438.947368
178710,704.210526
178710,623.333333
178810,1035.789474
178810,910.000000
178851,2400.000000
178851,2400.000000
178A10,729.473684
178A10,650.000000
178L10,704.210526
178L10,710.000000
178L22,2700.000000
178T10,855.789474
178T10,843.157895
178Y10,363.333333
178Y10,373.333333
178Y21,1400.000000
178Y21,1350.000000
179X10,874.736842
179X10,910.000000
199D10,852.631579
199D10,763.333333
200210,486.315789
200410,536.842105
200410,524.210526
200510,767.368421
200610,407.368421
200610,404.210526
200710,372.631579
200710,382.105263
200810,318.947368
200810,334.736842
200841,461.052632
200841,492.631579
200910,457.894737
200910,495.789474
201010,729.473684
201010,862.105263
201021,2400.000000
201110,628.421053
201110,672.631579
201210,1484.210526
201310,372.631579
201310,391.578947
201410,527.368421
201410,490.000000
201610,622.105263
201610,701.052632
201710,750.000000
201810,1087.500000
201910,674.117647
201910,635.294118
202010,1547.368421
202010,1466.666667
202110,423.157895
202110,416.842105
202210,1452.631579
202210,1594.736842
202251,3600.000000
202251,2700.000000
202310,931.578947
202410,1218.947368
202510,612.631579
202510,550.000000
202610,2052.631579
202610,2021.052632
202810,1200.000000
202910,763.333333
203010,1233.333333
203110,770.526316
203110,881.052632
203210,767.368421
204110,1578.947368
204110,1483.333333
205810,862.105263
205810,896.842105
205910,363.157895
205910,388.421053
206010,1705.263158
207610,1061.052632
207610,1030.000000
207910,745.263158
208010,805.263158
208010,821.052632
208810,1500.000000
208810,1626.315789
208V10,685.263158
208V10,694.736842
209C10,1127.368421
209C10,1013.333333
209P1,1849.411765
209P1,1882.500000
209P10,562.105263
209P10,792.631579
210010,429.473684
210010,555.789474
210110,2866.666667
210141,3600.000000
210410,486.666667
210410,520.000000
210510,1320.000000
210510,1266.666667
211L10,1166.666667
211L10,1300.000000
211V10,1436.842105
212310,808.421053
212710,748.421053
213C10,1042.105263
213C10,1086.315789
213C31,2178.947368
213C31,2242.105263
216110,1007.368421
216110,976.666667
217110,1626.315789
217510,1427.368421
218210,634.736842
218210,776.842105
220110,565.263158
220110,562.105263
220210,325.263158
220210,309.473684
220310,952.941176
220310,935.294118
220410,3600.000000
229010,413.684211
229010,587.368421
229021,1500.000000
233A10,1405.263158
233A10,1373.684211
233C10,852.631579
233C10,862.105263
234A10,1768.421053
234A10,1736.842105
236310,890.526316
236310,909.473684
243510,1136.842105
243510,1247.368421
245110,1531.578947
245110,1500.000000
246010,871.578947
246010,930.000000
246310,2052.631579
246310,1966.666667
250110,1010.526316
250110,1136.842105
252210,1045.263158
252310,1168.421053
252310,1173.333333
252321,2400.000000
253F10,1326.315789
253F10,1373.684211
255110,1301.052632
255110,1183.333333
255210,514.736842
255210,596.842105
255241,1500.000000
255241,2700.000000
258210,941.052632
258210,1029.473684
258221,3000.000000
258310,1143.157895
258310,1247.368421
259010,792.631579
259010,713.333333
259021,1800.000000
262610,754.736842
262610,950.526316
262810,1933.333333
262810,1835.294118
263C10,1200.000000
263C10,1158.947368
263J10,620.000000
263J10,634.736842
266610,792.631579
266610,814.736842
266621,1800.000000
267810,713.684211
267810,673.333333
267841,1200.000000
270210,486.315789
270210,546.315789
270221,420.000000
270310,388.421053
270310,457.894737
270321,420.000000
270322,1350.000000
270410,552.631579
270410,606.315789
270510,600.000000
270510,757.894737
270610,495.789474
270610,463.333333
270710,489.473684
270710,521.052632
270731,1200.000000
270810,581.052632
270810,612.631579
270910,540.000000
270910,466.666667
270931,757.894737
270931,606.666667
271010,413.684211
271031,1200.000000
271110,691.578947
271110,530.000000
271210,543.157895
271310,1989.473684
271410,325.263158
271510,508.421053
271510,463.333333
271610,682.105263
271610,530.000000
271710,558.947368
271810,366.315789
271810,505.263158
271910,262.105263
271910,300.000000
271A10,780.000000
271A10,846.315789
271A51,1215.789474
271A51,1100.000000
271C10,1123.333333
271F10,726.315789
271F10,663.333333
271M10,833.684211
271M10,696.666667
271P10,1042.105263
271P10,966.666667
272010,347.368421
272010,498.947368
272031,1800.000000
272031,1800.000000
272110,603.157895
272110,573.333333
272210,341.052632
272210,407.368421
272231,558.947368
272310,745.263158
272310,816.666667
272410,457.894737
272510,600.000000
272510,634.736842
272610,571.578947
272610,546.666667
272710,274.736842
272810,271.578947
272810,404.210526
272N10,1278.947368
273010,558.947368
273010,556.666667
273110,378.947368
273110,340.000000
273210,388.421053
273310,533.684211
273310,584.210526
273410,549.473684
273410,523.333333
273510,580.000000
273510,600.000000
273521,950.000000
273521,966.666667
273610,776.842105
273610,780.000000
273D10,1263.157895
273D10,1326.315789
273F10,1800.000000
273G10,423.157895
273G10,634.736842
273G21,1950.000000
273J10,723.157895
273J10,855.789474
273L10,798.947368
273L10,756.666667
273N10,906.315789
273N10,856.666667
273N41,2700.000000
273R10,416.842105
273R10,495.789474
273R42,1320.000000
273V10,1831.578947
273V10,1900.000000
273X10,426.315789
273X10,495.789474
274010,852.631579
274010,906.315789
274P10,1468.421053
274P10,1450.000000
275510,1092.631579
275510,1046.666667
275610,1357.894737
275610,1350.000000
276210,862.105263
276210,806.666667
276510,337.894737
276510,438.947368
276610,521.052632
276610,644.210526
276641,3000.000000
276710,1373.684211
276710,1350.000000
276810,1736.842105
276810,1863.157895
276910,1357.894737
276910,1350.000000
277010,1095.789474
277010,1036.666667
277210,1705.263158
277210,1700.000000
278010,1102.105263
278010,1056.666667
278A10,990.000000
278A10,1080.000000
297A10,466.666667
297A10,490.000000
300110,814.736842
300110,814.736842
300210,533.684211
300210,571.578947
300310,745.263158
300410,710.526316
300610,600.000000
301310,1152.631579
301910,1152.631579
302010,912.631579
302010,980.000000
302031,1116.666667
302031,1058.823529
302110,1389.473684
302110,1283.333333
302310,590.526316
302310,600.000000
302410,1231.578947
302410,1357.894737
302510,1048.421053
302510,1006.666667
302610,252.631579
302610,262.105263
302710,858.947368
302710,723.333333
302910,454.736842
302910,436.666667
303110,663.157895
303110,710.526316
303210,1389.473684
303310,470.526316
303310,514.736842
304610,369.473684
304610,350.000000
305310,350.526316
305310,397.894737
305410,840.000000
305410,920.000000
306310,824.210526
306310,918.947368
306341,1350.000000
306341,1500.000000
306410,274.736842
306410,274.736842
306441,1912.500000
306910,732.631579
306910,748.421053
307C10,852.631579
307C10,972.631579
309810,495.789474
309810,486.666667
309910,453.333333
309910,483.157895
311210,694.736842
311210,633.333333
311C10,881.052632
311C10,1086.315789
312N10,855.789474
312N10,680.000000
313410,710.526316
313410,690.000000
313910,1700.000000
313910,1833.333333
313931,2400.000000
314110,764.210526
314110,881.052632
314J10,896.842105
314J10,890.000000
314V10,1054.736842
314V10,1209.473684
316010,511.578947
316010,416.666667
316110,978.947368
316110,893.333333
320610,1020.000000
330110,947.368421
330110,903.333333
331010,3600.000000
339010,663.157895
339010,707.368421
341410,783.157895
341410,670.000000
342C10,950.526316
342C10,846.666667
342M10,385.263158
342M10,369.473684
342N10,896.842105
342N10,1023.157895
345910,451.578947
345910,631.578947
345921,1425.000000
345923,1100.000000
345924,1725.000000
346210,1057.894737
346210,1136.842105
346241,2160.000000
351F10,1200.000000
351F10,1102.105263
352A10,817.894737
352A10,846.315789
353910,906.315789
353910,896.666667
354M10,802.105263
354M10,760.000000
357410,612.631579
357410,618.947368
357431,1600.000000
357431,1200.000000
357441,2700.000000
364A10,748.421053
364A10,615.789474
364A21,1640.000000
368610,783.157895
368610,793.333333
371210,549.473684
371210,590.526316
371241,967.058824
371241,1126.666667
371810,369.473684
372110,360.000000
372110,423.157895
372141,331.578947
372210,1020.000000
372210,1010.000000
372510,309.473684
372541,426.315789
372810,344.210526
372841,833.684211
372910,388.421053
372910,429.473684
372F10,607.058824
372F10,472.941176
372U10,334.736842
372U10,286.666667
373110,388.421053
373110,346.666667
373210,363.157895
373210,333.333333
373410,290.526316
373410,325.263158
373510,606.315789
373521,720.000000
373541,1247.368421
373610,413.684211
373610,540.000000
373710,435.789474
373710,493.333333
373721,750.000000
373731,846.315789
373741,600.000000
373810,382.105263
373810,454.736842
373821,1176.000000
373910,622.105263
373910,742.105263
373931,765.000000
373L10,922.105263
373L10,850.000000
373M10,1657.894737
373M10,1831.578947
373T10,637.894737
373T10,647.368421
374110,571.578947
374110,533.333333
374210,672.631579
374210,633.333333
374310,570.000000
374310,583.333333
374510,546.315789
374510,523.333333
374610,625.263158
374610,764.210526
374631,900.000000
374631,940.000000
374910,1468.421053
374910,1433.333333
374M10,767.368421
374V10,457.894737
374V10,603.157895
375110,533.684211
375110,615.789474
375121,765.000000
375410,467.368421
375410,530.526316
375610,480.000000
375610,644.210526
375V10,1056.666667
376110,457.894737
376110,446.666667
376210,416.842105
376210,396.666667
376310,255.789474
376310,309.473684
376610,647.368421
376610,745.263158
376810,805.263158
376810,795.789474
377310,549.473684
377310,603.157895
377810,454.736842
377810,440.000000
378510,420.000000
378510,581.052632
378710,429.473684
378710,593.684211
378910,375.789474
378910,533.684211
379110,457.894737
379110,457.894737
379310,407.368421
379310,473.684211
379510,821.052632
379510,726.666667
379610,568.421053
379610,713.684211
390110,1383.333333
390110,1466.666667
390210,827.368421
390210,855.789474
390310,1366.666667
390310,1466.666667
390E10,682.105263
390E10,729.473684
393C10,3600.000000
400110,840.000000
400110,827.368421
400210,795.789474
400210,918.947368
400310,1389.473684
400310,1373.684211
400410,483.157895
400510,483.157895
400610,884.210526
400710,821.052632
400710,934.736842
400810,1127.368421
400810,1190.526316
401010,1800.000000
401010,1729.411765
401110,767.368421
401110,773.684211
401210,385.263158
401210,391.578947
401310,593.684211
401310,584.210526
401410,697.894737
401410,833.684211
401510,855.789474
401610,855.789474
401710,735.789474
401710,773.684211
401810,407.368421
401810,432.631579
402410,618.947368
402410,669.473684
402510,821.052632
402510,653.333333
402710,442.105263
402710,416.842105
402741,1729.411765
402741,1729.411765
402810,1010.526316
402810,1042.105263
402910,375.789474
402910,346.666667
403010,650.526316
403010,623.333333
403110,521.052632
403110,503.333333
403210,780.000000
403210,930.000000
403310,1033.333333
403310,1111.578947
403A10,944.210526
403A10,1051.578947
405110,448.421053
405110,473.684211
405210,385.263158
405210,461.052632
405310,600.000000
405410,631.578947
405610,691.578947
405610,748.421053
407A10,757.894737
407A10,884.210526
407C10,1531.578947
407C10,1500.000000
407E10,972.631579
407E10,976.666667
407F10,767.368421
407F10,783.333333
407G10,426.315789
407G10,420.000000
407H10,685.263158
407H10,690.000000
407I10,1016.842105
407I10,1000.000000
407J10,701.052632
407J10,580.000000
407K10,606.315789
407K10,556.666667
407L10,666.315789
407L10,616.666667
407M10,1626.315789
407N10,489.473684
407N10,466.666667
407N21,1800.000000
407P10,653.684211
407P10,636.666667
407R10,798.947368
407R10,670.000000
407T10,480.000000
407T10,590.526316
407W10,1127.368421
407W10,1231.578947
407Y10,1294.736842
408510,767.368421
408510,792.631579
408610,1057.894737
408610,1057.894737
408A10,846.666667
408A10,956.666667
409210,846.315789
411110,1166.666667
411210,990.000000
411310,450.000000
411410,1966.666667
411410,2100.000000
411431,3600.000000
411431,3600.000000
411510,1030.000000
414P10,704.210526
414P10,808.421053
421010,577.894737
421010,612.631579
422110,1563.157895
422110,1566.666667
422210,1165.263158
425E10,1405.263158
425E10,1266.666667
428410,1294.736842
428610,1405.263158
428810,1269.473684
428810,1389.473684
431010,287.368421
431010,353.684211
431110,473.684211
431110,628.421053
431210,606.315789
431210,570.000000
431310,543.157895
431310,555.789474
431410,862.105263
431410,969.473684
431510,565.263158
431510,593.684211
449110,1222.105263
449110,1066.666667
470610,1237.894737
470610,1150.000000
470810,1184.210526
470810,1056.666667
470910,757.894737
470910,710.000000
471610,600.000000
471610,456.666667
471710,1547.368421
471810,1405.263158
472110,990.000000
472110,1050.000000
472310,1170.000000
472410,975.789474
472510,1436.842105
472610,693.333333
472610,646.666667
472631,2400.000000
472710,1020.000000
472710,876.666667
472910,647.368421
472910,640.000000
473210,1373.684211
473210,1300.000000
473231,641.052632
473231,789.473684
473410,325.263158
473410,464.210526
473421,1050.000000
473510,982.105263
473510,1038.947368
474210,944.210526
475M10,1452.631579
475M10,1366.666667
475R10,669.473684
475R10,656.666667
476A10,997.894737
476A10,988.421053
476G10,735.789474
476G10,686.666667
476G41,1212.631579
476G41,1166.666667
476L10,3600.000000
477A10,701.052632
477A10,833.684211
477P10,922.105263
477P10,985.263158
477U10,1278.947368
477U10,1357.894737
478P10,1010.526316
478P10,1006.666667
501010,729.473684
501010,643.333333
501110,536.842105
501110,678.947368
501210,416.842105
501210,454.736842
501221,1800.000000
501310,451.578947
501310,517.894737
501331,810.000000
501331,810.000000
501510,694.736842
501510,757.894737
501810,808.421053
501810,786.666667
501831,1515.789474
501831,1400.000000
502010,448.421053
502010,470.526316
502110,824.210526
502110,855.789474
502210,410.000000
502210,410.000000
502410,612.631579
502410,580.000000
502431,830.526316
502431,760.000000
502610,997.894737
502810,1405.263158
502910,590.526316
502910,678.947368
502J10,1023.157895
502J10,963.333333
502J21,2028.000000
502J22,1500.000000
503010,1076.842105
503010,1061.052632
503110,164.210526
503110,164.210526
503121,1440.000000
503121,1440.000000
503210,650.526316
503210,732.631579
503310,990.000000
503310,1033.333333
503410,928.421053
503410,925.263158
503431,976.666667
503510,672.631579
503510,685.263158
503610,1174.736842
503610,1301.052632
503810,754.736842
503810,757.894737
507T10,483.157895
507T10,631.578947
508L10,823.333333
509110,978.947368
509J10,817.894737
509J10,660.000000
509J21,1733.333333
509M10,1329.473684
509M10,1173.333333
509M21,1500.000000
509M21,1950.000000
510010,1490.000000
510010,1456.666667
510310,571.578947
510321,806.666667
510410,966.315789
510410,1092.631579
510510,224.210526
510510,221.052632
510610,1042.105263
510621,1212.631579
510631,1206.315789
510631,1443.157895
510710,666.315789
510710,761.052632
510810,577.894737
510810,716.842105
510910,397.894737
510910,413.684211
511010,375.789474
511010,407.368421
511021,1260.000000
511022,1800.000000
511041,1190.769231
511041,1250.769231
511110,685.263158
511110,694.736842
511910,915.789474
511910,1098.947368
511922,1650.000000
511922,2520.000000
511923,2400.000000
512310,593.684211
512310,526.666667
512710,792.631579
512710,918.947368
512810,420.000000
512810,410.000000
512910,757.894737
512910,821.052632
512941,713.684211
512941,636.666667
513110,1380.000000
513110,1273.333333
513L10,1064.210526
513L10,1168.421053
514110,1177.894737
514110,1370.526316
514210,742.105263
514210,710.000000
514310,1253.684211
514310,1301.052632
514331,3600.000000
514410,1102.105263
514410,1215.789474
514510,1285.263158
514510,1233.333333
514541,1800.000000
514541,2057.142857
514T10,593.684211
514T10,726.315789
514T21,1640.000000
514T21,900.000000
515410,1095.789474
515410,1127.368421
516410,982.105263
516421,1342.105263
516441,1452.631579
516N10,495.789474
517510,1051.578947
517510,963.333333
517810,890.526316
517810,856.666667
517821,1800.000000
517J10,694.736842
517J10,660.000000
518510,1023.157895
518510,970.000000
519410,922.105263
519M10,1222.105263
519M10,1389.473684
524L10,1064.210526
524L10,916.666667
524M10,394.736842
524M10,375.789474
527R10,903.157895
527R10,886.666667
529010,918.947368
529010,830.000000
530010,653.684211
530010,615.789474
531710,1146.315789
531710,1090.000000
531810,590.526316
531810,520.000000
531821,1600.000000
531822,1600.000000
536210,754.736842
536210,746.666667
536221,1500.000000
536222,2400.000000
536223,1004.210526
536241,2280.000000
537010,492.631579
537010,490.000000
537021,1050.000000
537021,2280.000000
537022,3600.000000
539110,587.368421
539110,593.333333
539121,2160.000000
539122,1200.000000
546A10,833.684211
546A10,966.315789
546A31,830.526316
546A31,862.105263
546J10,631.578947
546J10,616.666667
546J31,713.684211
546J31,636.666667
546J41,3600.000000
546L10,887.368421
546L10,810.000000
546L41,3600.000000
546T10,337.894737
546T10,366.315789
561110,1228.421053
561110,1240.000000
561410,1260.000000
561410,1133.333333
563010,502.105263
563010,460.000000
563021,1500.000000
563021,1800.000000
563210,1190.526316
563210,1023.333333
563221,2700.000000
563251,2700.000000
565210,934.736842
565210,833.333333
565221,2700.000000
570110,673.333333
570110,680.000000
570121,1500.000000
570210,707.368421
570210,666.666667
570510,1373.684211
570510,1436.842105
573A10,641.052632
573H10,480.000000
573H10,480.000000
573T10,511.578947
573T10,500.000000
573T21,2400.000000
573T31,1092.631579
574A10,953.684211
574A10,903.333333
574C10,1168.421053
574J10,543.157895
574J10,543.157895
574R10,514.736842
574R10,486.666667
574W10,748.421053
574W10,906.315789
575210,530.526316
575210,476.666667
575710,505.263158
575710,552.631579
575751,600.000000
575751,576.666667
575910,887.368421
575910,830.000000
575931,833.684211
575931,793.333333
575A10,1165.263158
575A10,1023.333333
575C10,1736.842105
575C10,1626.315789
576C10,991.578947
576C10,982.105263
576J10,1348.421053
576J10,1183.333333
576M10,985.263158
576M10,866.666667
577T10,824.210526
577T10,746.666667
579110,1048.421053
579110,960.000000
600010,505.263158
600010,549.473684
600021,3600.000000
600021,3600.000000
600022,1800.000000
600023,3600.000000
600023,3600.000000
600024,3600.000000
600024,3600.000000
600110,963.157895
600110,960.000000
600210,1552.941176
600310,540.000000
600310,495.789474
600610,798.947368
600610,820.000000
600710,1111.578947
600710,1181.052632
600810,378.947368
600810,451.578947
600821,1800.000000
601010,555.789474
601010,563.333333
601210,941.052632
601210,893.333333
601231,1800.000000
601310,985.263158
601310,1067.368421
601321,3600.000000
601410,729.473684
601410,836.842105
601510,641.052632
601510,644.210526
601610,527.368421
601610,600.000000
601641,521.052632
601641,565.263158
601710,536.842105
601710,669.473684
601910,1066.666667
602210,1089.473684
602210,1050.000000
602510,726.315789
602510,683.333333
602610,1452.631579
602610,1642.105263
602631,1800.000000
602710,685.263158
602710,663.333333
602810,581.052632
602810,633.333333
602831,2400.000000
603010,549.473684
603010,483.333333
603021,1400.000000
603110,420.000000
603110,524.210526
603410,524.210526
603410,669.473684
603510,612.631579
603510,720.000000
603521,877.894737
603521,910.000000
603610,590.526316
603610,795.789474
603710,764.210526
603710,740.000000
603810,360.000000
603810,438.947368
603910,363.157895
603910,410.526316
604010,2290.909091
604110,385.263158
604110,341.052632
604121,1912.500000
604210,493.333333
604210,530.000000
604221,1800.000000
604221,1900.000000
604310,637.894737
604310,606.666667
604410,426.315789
604410,552.631579
604510,382.105263
604510,376.666667
604521,1628.571429
604610,660.000000
604610,766.666667
604710,498.947368
604710,546.666667
604810,596.842105
604810,546.666667
604910,1023.157895
604910,1146.315789
605010,1263.157895
605010,1263.157895
605110,852.631579
605110,934.736842
605131,1452.631579
605131,1263.157895
605210,492.631579
605210,552.631579
605231,1705.263158
605231,1566.666667
605310,1421.052632
605310,1515.789474
605510,533.684211
605610,318.947368
605610,372.631579
605641,1800.000000
605710,457.894737
605710,493.333333
605741,675.000000
605810,656.842105
605810,688.421053
605910,893.684211
605910,810.000000
606110,830.526316
606110,960.000000
606210,631.578947
606210,701.052632
606251,454.736842
606251,489.473684
606310,334.736842
606310,397.894737
606321,900.000000
606321,912.631579
606341,644.210526
606341,720.000000
606342,1373.684211
606342,1531.578947
606910,631.578947
606910,675.789474
607110,827.368421
607110,823.333333
607122,1800.000000
607210,451.578947
607210,454.736842
607221,1800.000000
607222,2400.000000
607223,1800.000000
607310,802.105263
607310,796.666667
607321,1800.000000
607410,615.789474
607410,656.842105
607510,609.473684
607510,637.894737
607521,997.894737
607521,1067.368421
607541,1800.000000
607610,637.894737
607610,713.333333
607641,2842.105263
607641,2800.000000
607810,416.842105
607810,426.315789
607A10,697.894737
607A10,676.666667
607A21,1200.000000
607A21,2100.000000
607C10,540.000000
607C10,510.000000
607G10,1240.000000
607M10,868.421053
607M10,988.421053
608010,678.947368
608010,616.666667
608310,540.000000
608310,694.736842
608410,644.210526
608410,653.684211
608421,1800.000000
609110,618.947368
609110,615.789474
609121,2700.000000
609151,3000.000000
609210,1278.947368
609210,1326.315789
609310,606.315789
609310,682.105263
609910,1263.157895
609910,1133.333333
609F10,773.684211
609F10,740.000000
609F21,1425.000000
609F21,1900.000000
609J10,1058.823529
611010,647.368421
611010,633.333333
611510,445.263158
611510,511.578947
611541,2400.000000
611541,1800.000000
611610,600.000000
611610,732.631579
611810,742.105263
611810,723.333333
612010,562.105263
612010,596.842105
620010,461.052632
620010,565.263158
623210,1966.666667
623210,1933.333333
625010,1626.315789
625010,1600.000000
625810,464.210526
625810,526.666667
625831,1733.333333
625831,1833.333333
626210,1023.157895
626210,893.333333
626221,3500.000000
627J10,890.526316
629110,1177.894737
629110,1000.000000
631210,3600.000000
631210,3600.000000
633810,1335.789474
633810,1266.666667
635810,1152.631579
635810,1040.000000
635841,1200.000000
636610,1215.789474
636610,1063.333333
637A10,448.421053
637A10,540.000000
637A21,1350.000000
637A22,1575.000000
637A25,1350.000000
637A26,1900.000000
637G10,934.736842
637G10,936.666667
637G51,1260.000000
637G51,1600.000000
637J10,1370.526316
637J10,1283.333333
637P10,641.052632
637P10,576.666667
637R10,590.526316
637R10,726.315789
637V10,1117.894737
637V10,1040.000000
640010,1009.411765
640010,1180.000000
640110,1452.631579
640110,1200.000000
640310,900.000000
640310,826.666667
641210,1057.894737
641221,2400.000000
641410,884.210526
641410,770.000000
641810,1386.315789
641831,3600.000000
642210,1076.842105
642210,966.666667
645010,464.210526
645010,521.052632
645021,1800.000000
645051,3600.000000
645110,555.789474
645110,480.000000
645121,1800.000000
645510,701.052632
645510,798.947368
645521,2000.000000
647510,1080.000000
647510,986.666667
647A10,1070.526316
647A10,1053.333333
647C10,1285.263158
647C10,1100.000000
647P10,1029.473684
647P10,956.666667
648P10,1080.000000
648P10,990.000000
648P21,2400.000000
650010,615.789474
650010,603.157895
650510,574.736842
650510,720.000000
669A10,596.842105
669A10,710.526316
672610,404.210526
672610,511.578947
675A10,934.736842
675A10,1042.105263
675G10,909.473684
675G10,900.000000
675G22,3600.000000
675G41,1950.000000
675G41,2100.000000
675I10,688.421053
675I10,824.210526
675K10,429.473684
675K10,436.666667
675K21,1350.000000
675K23,840.000000
675L10,720.000000
675L10,666.666667
675M10,1443.157895
675M10,1383.333333
675N10,1537.894737
675N10,1416.666667
675P10,1222.105263
675P10,1173.333333
675R10,1348.421053
675R10,1250.000000
675V10,852.631579
675V10,922.105263
675V21,2400.000000
675X10,495.789474
675X10,496.666667
675Z10,701.052632
675Z10,726.666667
677A10,789.473684
677A10,793.333333
677A23,1380.000000
677V10,978.947368
677Y10,637.894737
677Y10,802.105263
680110,669.473684
680110,685.263158
680151,1928.571429
680151,2240.000000
680310,852.631579
680310,852.631579
680410,757.894737
680410,776.842105
680510,1001.052632
680510,1032.631579
680531,1383.333333
680531,1433.333333
680610,925.263158
680610,944.210526
681210,776.842105
681210,843.157895
681310,1086.315789
681310,1080.000000
681510,1007.368421
681510,988.421053
681610,1310.526316
681610,1326.315789
681631,1416.666667
681631,1383.333333
681710,1086.315789
681710,1102.105263
681810,865.263158
681810,887.368421
682010,726.315789
682010,729.473684
682031,735.789474
682031,742.105263
682110,745.263158
682110,770.526316
682210,732.631579
682210,729.473684
682310,1247.368421
682310,1326.315789
682410,988.421053
682410,985.263158
682510,761.052632
682510,748.421053
682610,944.210526
682610,972.631579
683510,1117.894737
683510,1162.105263
683531,1076.842105
683531,1165.263158
683610,941.052632
683610,950.526316
683710,694.736842
683710,757.894737
684010,410.526316
684010,393.333333
691310,416.842105
691310,366.666667
691321,1140.000000
695D10,1326.315789
695D10,1466.666667
695H10,963.157895
695H10,903.333333
695T10,454.736842
695T10,426.666667
695V10,1064.210526
695V10,1140.000000
695X10,483.157895
695X10,656.842105
695X22,1414.285714
695Y10,650.526316
695Y10,753.333333
695Y22,3600.000000
695Y41,3600.000000
696010,467.368421
696010,480.000000
696021,1800.000000
696P10,3600.000000
697010,476.842105
697010,502.105263
6L0110,1357.894737
6L0110,1316.666667
6L0122,1800.000000
6L0123,3600.000000
6L0210,3600.000000
6L0210,3600.000000
6L0310,3200.000000
6L0310,3300.000000
6L0410,1687.500000
6L0410,1640.000000
6L0441,2250.000000
6L0441,2520.000000
6L0442,2250.000000
6L0442,2250.000000
6L0510,1089.473684
6L0510,1136.842105
6L0521,3600.000000
6L0710,1894.736842
6L0710,1894.736842
6L0810,1515.789474
6L0810,1515.789474
6L1010,2557.894737
6L1010,2500.000000
6L1041,2463.157895
6L1041,2400.000000
6L1110,1800.000000
6L1110,1800.000000
700110,397.894737
700110,435.789474
700210,735.789474
700410,483.157895
700410,669.473684
700510,641.052632
700551,631.578947
700551,729.473684
700610,435.789474
700641,344.210526
700651,442.105263
700651,495.789474
700910,622.105263
701110,637.894737
701121,1938.461538
701131,906.315789
701210,862.105263
701210,1061.052632
701310,1061.052632
701310,916.666667
701610,581.052632
701610,584.210526
701621,1464.000000
701A10,906.315789
701A10,900.000000
701U10,966.315789
701U10,970.000000
702110,1095.789474
702110,1046.666667
702210,748.421053
702210,680.000000
702310,565.263158
702310,581.052632
702C10,975.789474
702C10,846.666667
702U10,830.526316
702U10,960.000000
704010,530.526316
704010,473.333333
704021,2400.000000
704910,593.684211
704910,593.333333
705010,840.000000
705010,893.684211
705110,720.000000
705110,606.315789
705210,505.263158
705210,577.894737
705310,303.157895
705310,322.105263
705321,445.263158
705321,483.157895
705322,950.000000
705322,996.666667
705410,565.263158
705410,637.894737
705510,606.315789
705510,726.315789
705710,707.368421
705710,852.631579
705810,751.578947
705810,821.052632
705910,1057.894737
705910,1177.894737
706010,1143.157895
706010,1136.842105
706210,508.421053
706210,615.789474
706231,900.000000
706231,931.764706
706241,1800.000000
706310,378.947368
706310,461.052632
707A10,660.000000
707A10,756.666667
707A23,1240.000000
709G10,1364.210526
709G10,1333.333333
709P10,855.789474
709P10,806.666667
714C10,2226.315789
714C10,2066.666667
715M10,1143.157895
715M10,990.000000
715M21,3000.000000
718110,1373.333333
718110,1190.000000
719P10,1160.000000
719P10,1173.333333
719R10,1386.315789
719R10,1250.000000
724510,1386.315789
724510,1250.000000
726710,676.666667
727210,1067.368421
728110,1000.000000
728210,1610.526316
736G10,827.368421
736G10,750.000000
736I10,404.210526
736I10,461.052632
736I21,1328.571429
736I31,2400.000000
737A10,555.789474
737A10,565.263158
741110,1140.000000
745810,1010.526316
745810,910.000000
745M10,568.421053
745M10,584.210526
745M21,1687.500000
745M21,1612.500000
746C10,429.473684
746C10,476.842105
746F10,1310.526316
746H10,574.736842
746H10,584.210526
746K10,821.052632
746P10,609.473684
746P10,566.666667
746R10,660.000000
746V10,909.473684
746V21,1410.000000
748A10,1531.578947
748A10,1400.000000
748A41,2600.000000
748A41,2700.000000
748R10,840.000000
748R10,733.333333
754510,678.947368
754510,556.666667
754521,2250.000000
754521,2400.000000
755010,1301.052632
755010,1100.000000
756A10,1212.631579
756A10,1260.000000
756A21,1620.000000
756A22,2250.000000
760010,1433.684211
760010,1320.000000
771010,1601.250000
771010,1556.250000
771P10,1815.789474
772510,1700.000000
772510,1733.333333
775A10,1980.000000
775F10,622.105263
775N10,1411.578947
775N10,1316.666667
775P10,1721.052632
775P10,1700.000000
775V10,1269.473684
778J10,1831.578947
778J10,1733.333333
778J41,1402.105263
778J41,1323.333333
778R10,982.105263
778R10,853.333333
778R21,1900.000000
790310,1212.631579
800010,318.947368
800010,461.052632
800110,1689.473684
800110,1466.666667
800210,1831.578947
800210,1700.000000
800310,1124.210526
800310,1114.736842
800410,944.210526
800410,903.333333
800610,827.368421
800610,887.368421
800710,1102.105263
800710,1190.526316
800810,745.263158
800810,887.368421
800910,1957.894737
800910,1957.894737
800931,1578.947368
800931,1600.000000
801010,587.368421
801010,553.333333
801210,514.736842
801310,435.789474
801321,1640.000000
801322,880.000000
801341,1705.263158
801341,1633.333333
801410,922.105263
801510,877.894737
801510,880.000000
801521,2700.000000
801521,3085.714286
801610,647.368421
801610,761.052632
801710,2273.684211
801710,2273.684211
801810,1405.263158
801910,1054.736842
801910,1168.421053
802010,1916.666667
802010,1833.333333
802110,1533.333333
802210,521.052632
802310,2433.333333
802510,1070.526316
802610,1452.631579
802710,1500.000000
802C10,3600.000000
802C10,3600.000000
803810,574.736842
804010,776.842105
804010,814.736842
804310,2200.000000
804310,2166.666667
804710,858.947368
804710,810.000000
804731,2700.000000
804731,3000.000000
804741,2589.473684
804741,2541.176471
804751,2700.000000
804751,2700.000000
805010,1038.947368
805010,956.666667
805021,1500.000000
805031,1642.105263
805031,1683.333333
805032,3600.000000
805510,814.736842
805510,726.666667
805551,1332.631579
805551,1316.666667
805L10,813.333333
806010,1133.684211
806010,1056.666667
806210,1733.333333
806510,2652.631579
806510,2600.000000
807210,596.842105
807310,997.894737
807510,890.526316
807510,928.421053
807710,1500.000000
807710,1633.333333
807810,1046.666667
807A10,808.421053
807A10,988.421053
807J10,1115.294118
807J10,1122.352941
807M10,590.526316
807M10,543.333333
807P10,878.823529
809A10,1067.368421
809A10,1023.333333
809D10,1237.894737
809D10,1183.333333
809H10,1275.789474
809H10,1223.333333
809J10,1310.526316
809L10,817.894737
809L10,580.000000
809N10,1870.588235
809N10,1933.333333
809P10,457.894737
809P10,486.315789
809R10,1273.333333
809T10,1894.736842
809T10,1900.000000
809U10,1093.333333
809U10,1000.000000
809U21,707.368421
809U21,633.333333
809V10,963.157895
810010,858.947368
810010,693.333333
817C10,676.666667
819410,865.263158
819410,922.105263
819910,453.333333
819910,606.666667
819A10,426.315789
819A10,393.333333
819R10,694.736842
819R10,653.333333
820010,1373.684211
820010,1223.333333
821410,1531.578947
821410,1466.666667
821510,1130.526316
821510,1106.666667
825210,3100.000000
830010,893.684211
830010,849.473684
831910,808.421053
831921,3600.000000
840010,432.631579
840010,603.157895
846M10,2336.842105
846M10,2266.666667
847J10,1632.631579
847J10,1550.000000
847J41,3600.000000
847J41,3600.000000
847P10,571.578947
847P10,500.000000
847P41,2717.647059
847P41,2647.058824
847P42,2152.941176
847P42,2082.352941
848L10,1092.631579
848L10,1073.333333
850010,596.842105
850010,433.333333
852810,773.684211
852810,893.684211
853810,2100.000000
853810,2166.666667
854210,1061.052632
854210,1033.333333
854410,2210.526316
854410,1900.000000
854510,1143.157895
854510,1103.333333
854810,1389.473684
854810,1350.000000
854910,906.315789
854910,1016.842105
856R10,726.315789
856R10,770.526316
856R21,2000.000000
857A10,991.578947
857A10,1102.105263
857C10,947.368421
857C10,896.666667
857P10,628.421053
857P10,590.000000
857P21,1800.000000
857R10,890.526316
857R10,790.000000
857R41,1040.000000
859410,685.263158
859410,746.666667
859421,2700.000000
859441,2200.000000
860010,827.368421
860010,753.333333
860021,3600.000000
860022,1040.000000
860510,666.315789
860510,682.105263
861010,972.631579
861010,930.000000
861510,685.263158
861510,761.052632
862210,678.947368
862210,640.000000
862231,3240.000000
862242,3600.000000
862242,3600.000000
867710,1427.368421
867710,1383.333333
867731,1553.684211
867731,1516.666667
868610,1231.578947
868610,1223.333333
869610,2336.842105
869610,2266.666667
869641,2210.526316
869641,2266.666667
870010,366.315789
870010,505.263158
870021,1900.000000
870022,2700.000000
870023,2400.000000
870023,2040.000000
870510,729.473684
870510,653.333333
870710,1070.000000
870710,988.235294
874C10,1168.421053
874T10,1054.736842
874T10,1030.000000
875A10,1133.684211
875A10,970.000000
875C10,562.105263
875C10,423.333333
875C22,900.000000
875H10,606.666667
875H10,743.333333
875M10,1436.842105
875M10,1332.631579
875P10,983.333333
875P10,980.000000
877T10,1440.000000
877T10,1252.941176
888P10,1064.210526
888P10,890.000000
900210,473.684211
900210,464.210526
900410,378.947368
900410,394.736842
900510,382.105263
900510,426.315789
900541,1200.000000
900541,1200.000000
900542,2700.000000
900542,2700.000000
900610,647.368421
900610,682.105263
900810,461.052632
900810,530.526316
900821,3600.000000
900841,2250.000000
900910,394.736842
900910,435.789474
901110,527.368421
901110,513.333333
901121,1095.789474
901210,1721.052632
901210,1600.000000
901410,903.157895
901410,1004.210526
901442,2400.000000
901510,622.105263
901510,641.052632
901810,675.789474
901810,761.052632
901910,543.157895
901910,669.473684
902010,609.473684
902010,618.947368
902210,2210.526316
902210,2066.666667
902310,457.894737
902310,426.666667
903110,1253.333333
903110,1002.352941
903210,568.421053
903210,710.526316
903221,1350.000000
903410,337.894737
903410,464.210526
904710,486.315789
904710,426.666667
905010,1237.894737
905110,786.666667
907010,2936.842105
907010,2900.000000
908T10,603.333333
909010,795.789474
909010,906.315789
909T10,1090.000000
909T10,1083.333333
916210,1578.947368
916610,840.000000
917H10,514.736842
917H10,456.666667
917M10,956.842105
917M10,970.000000
917M31,1500.000000
917M31,1500.000000
918110,363.157895
918110,330.000000
918610,344.210526
918610,391.578947
918810,498.947368
918810,446.666667
918842,2228.571429
918842,2228.571429
919110,363.157895
919110,333.333333
919121,900.000000
930010,916.666667
930010,846.666667
930110,754.736842
930110,586.666667
930P10,565.263158
930P10,609.473684
935410,789.473684
935410,703.333333
938C10,1111.578947
938C10,1090.000000
938L10,625.263158
938L10,729.473684
938P10,625.263158
938P10,580.000000
938P21,1800.000000
938V10,378.947368
938V10,442.105263
948A10,1300.000000
948A10,1433.333333
950010,590.526316
950010,641.052632
950110,492.631579
950110,446.666667
950121,1400.000000
957T10,1436.842105
957T10,1206.666667
958P10,1601.052632
958P10,1483.333333
965310,663.157895
965310,830.526316
967A10,1206.315789
967A10,1130.000000
970110,1181.052632
970110,1130.000000
971710,1007.368421
971710,980.000000
971A10,896.842105
971A10,776.666667
971C10,748.421053
971C10,686.666667
971D10,789.473684
971D10,863.333333
971M10,694.736842
971M10,676.666667
971R10,445.263158
971R10,587.368421
971R21,1500.000000
971R42,2033.333333
971R42,2047.058824
971R51,2700.000000
971T10,644.210526
971T10,560.000000
971V10,1001.052632
971V10,970.000000
971X10,382.105263
971X10,375.789474
975A10,1127.368421
975A10,1086.666667
978410,527.368421
978410,672.631579
978510,527.368421
978510,666.315789
978551,2700.000000
978910,457.894737
978910,400.000000
978A10,581.052632
978A10,510.000000
978J10,1117.894737
978J10,1100.000000
978L10,817.894737
978L10,806.666667
978T10,249.473684
978T10,331.578947
CPTML0,0900.000000
CPTML0,1900.000000
CPTML0,0900.000000
CPTML0,1900.000000
CPTML0,0420.000000
CPTML0,1420.000000
CPTML1,0900.000000
CPTML1,1900.000000
CPTML1,0900.000000
CPTML1,1900.000000
CPTML1,0900.000000
CPTML1,1900.000000
METRÔL,0148.421053
METRÔL,1148.421053
METRÔL,0151.578947
METRÔL,1151.578947
METRÔL,0227.368421
METRÔL,1227.368421
METRÔL,0205.263158
METRÔL,1205.263158
METRÔL,0457.894737
METRÔL,1457.894737
N10111,3600.000000
N10111,3600.000000
N10211,3600.000000
N10211,3600.000000
N10311,3600.000000
N10311,3600.000000
N10411,3600.000000
N10411,3600.000000
N10511,3600.000000
N10511,3600.000000
N10611,3600.000000
N10611,3600.000000
N13111,3600.000000
N13211,3600.000000
N13311,3600.000000
N13411,3600.000000
N13511,3600.000000
N13611,3600.000000
N13711,3600.000000
N13811,3600.000000
N13911,3600.000000
N14011,3600.000000
N14111,3600.000000
N14211,3600.000000
N14311,3600.000000
N20111,3600.000000
N20111,3600.000000
N20211,3600.000000
N20211,3600.000000
N20311,3600.000000
N20311,3600.000000
N20411,3600.000000
N20411,3600.000000
N20511,3600.000000
N20511,3600.000000
N20611,3600.000000
N20611,3600.000000
N20711,3600.000000
N20711,3600.000000
N20811,3600.000000
N20811,3600.000000
N20911,3600.000000
N20911,3600.000000
N23111,3600.000000
N23211,3600.000000
N23311,3600.000000
N23411,3600.000000
N23511,3600.000000
N23611,3600.000000
N23711,3600.000000
N23811,3600.000000
N23911,3600.000000
N24011,3600.000000
N24111,3600.000000
N24211,3600.000000
N24311,3600.000000
N24411,3600.000000
N24511,3600.000000
N30111,3600.000000
N30111,3600.000000
N30211,3600.000000
N30211,3600.000000
N30311,3600.000000
N30311,3600.000000
N30411,3600.000000
N30411,3600.000000
N30511,3600.000000
N30511,3600.000000
N30611,3600.000000
N30611,3600.000000
N30711,3600.000000
N30711,3600.000000
N30811,3600.000000
N30811,3600.000000
N33111,3600.000000
N33211,3600.000000
N33311,3600.000000
N33411,3600.000000
N33511,3600.000000
N33611,3600.000000
N33711,3600.000000
N33811,3600.000000
N33911,3600.000000
N34011,3600.000000
N34111,3600.000000
N34211,3600.000000
N34311,3600.000000
N34411,3600.000000
N40111,3600.000000
N40111,3600.000000
N40211,3600.000000
N40211,3600.000000
N40311,3600.000000
N40311,3600.000000
N40411,3600.000000
N40411,3600.000000
N40511,3600.000000
N40511,3600.000000
N40611,3600.000000
N40611,3600.000000
N40711,3600.000000
N40711,3600.000000
N43111,3600.000000
N43211,3600.000000
N43311,3600.000000
N43311,3600.000000
N43411,3600.000000
N43511,3600.000000
N43611,3600.000000
N43711,3600.000000
N43811,3600.000000
N43911,3600.000000
N44011,3600.000000
N44111,3600.000000
N50111,3600.000000
N50111,3600.000000
N50211,3600.000000
N50211,3600.000000
N50311,3600.000000
N50311,3600.000000
N50411,3600.000000
N50411,3600.000000
N50511,3600.000000
N50511,3600.000000
N50611,3600.000000
N50611,3600.000000
N50711,3600.000000
N50711,3600.000000
N50811,3600.000000
N50811,3600.000000
N53111,3600.000000
N53211,3600.000000
N53311,3600.000000
N53411,3600.000000
N53511,3600.000000
N53611,3600.000000
N53711,3600.000000
N53811,3600.000000
N53911,3600.000000
N60111,3600.000000
N60111,3600.000000
N60211,3600.000000
N60211,3600.000000
N60311,3600.000000
N60311,3600.000000
N60411,3600.000000
N60411,3600.000000
N63111,3600.000000
N63111,3600.000000
N63211,3600.000000
N63211,3600.000000
N63311,3600.000000
N63411,3600.000000
N63511,3600.000000
N63611,3600.000000
N63711,3600.000000
N63811,3600.000000
N63911,3600.000000
N64011,3600.000000
N70111,3600.000000
N70111,3600.000000
N70211,3600.000000
N70211,3600.000000
N70311,3600.000000
N70311,3600.000000
N70411,3600.000000
N70411,3600.000000
N70511,3600.000000
N70511,3600.000000
N70611,3600.000000
N70611,3600.000000
N73111,3600.000000
N73111,3600.000000
N73211,3600.000000
N73311,3600.000000
N73411,3600.000000
N73511,3600.000000
N73611,3600.000000
N73711,3600.000000
N73811,3600.000000
N73911,3600.000000
N74011,3600.000000
N74111,3600.000000
N74211,3600.000000
N74211,3600.000000
N74311,3600.000000
N74411,3600.000000
N74511,3600.000000
N74511,3600.000000
N74611,3600.000000
N80111,3600.000000
N80111,3600.000000
N80211,3600.000000
N80211,3600.000000
N83111,3600.000000
N83211,3600.000000
N83311,3600.000000
N83411,3600.000000
N83511,3600.000000
N83611,3600.000000
N83711,3600.000000
N83811,3600.000000
N83911,3600.000000
N84011,3600.000000
N84111,3600.000000
N84211,3600.000000
N84311,3600.000000