route,jan,fev,mar,abr,mai,jun,jul,ago,set,out,nov,dez
2290-10-0,50,45,41,65,68,56,70,93,85,106,92,77
342M-10-0,35,32,38,48,43,34,52,64,52,63,66,48
2100-10-0,27,23,32,35,45,44,65,57,56,54,51,31
6913-10-0,31,22,32,23,27,42,29,38,34,34,29,40
4113-10-0,23,30,18,30,26,30,30,46,47,27,34,32
2552-10-0,19,24,18,30,29,30,45,20,37,38,31,44
675K-10-0,21,24,25,32,31,33,18,42,28,27,26,34
637A-10-0,26,16,21,30,20,26,22,33,17,23,20,16
5391-10-0,22,16,19,22,20,28,22,26,16,29,17,18
6450-10-0,31,15,13,14,21,18,13,26,19,25,14,15
695X-10-0,23,14,19,14,22,25,17,17,5,23,31,12
695Y-10-0,19,24,16,19,20,23,11,13,14,23,22,14
3160-10-0,6,12,20,17,20,22,9,17,14,21,25,27
5362-10-0,20,20,14,20,11,25,13,15,15,22,19,11
6455-10-0,26,13,21,13,14,8,18,25,22,17,8,10
707A-10-0,13,15,18,16,22,14,16,27,9,16,15,10
5370-10-0,20,8,15,14,10,24,16,15,8,20,19,21
4313-10-0,5,9,13,11,15,18,15,27,21,23,13,14
6091-10-0,16,9,10,11,10,23,22,20,14,18,20,6
2582-10-0,13,17,7,8,10,15,18,7,31,21,17,12
6451-10-0,21,25,20,10,16,11,13,10,11,19,10,10
4210-10-0,11,8,11,9,11,17,13,21,25,15,15,16
573A-10-0,10,8,11,11,15,6,17,13,22,13,13,14
4310-10-0,8,13,17,13,20,15,13,17,14,8,2,11
3686-10-0,10,16,11,8,12,14,14,22,12,7,10,14
4311-10-0,8,5,7,7,7,14,21,9,17,18,18,18
2678-10-0,12,16,11,9,8,8,14,9,16,16,15,12
3459-10-0,9,20,11,11,3,10,10,10,9,10,16,27
6000-10-0,15,11,15,15,14,15,11,19,5,9,12,4
408A-10-0,14,5,12,14,12,12,10,17,10,18,10,9
2002-10-0,6,11,3,6,11,10,13,19,17,22,11,12
637G-10-0,8,7,18,20,10,15,8,7,15,15,14,4
6960-10-0,7,9,13,6,8,14,13,10,11,17,21,10
208V-10-0,5,9,7,5,10,17,14,12,20,9,14,16
875C-10-0,17,9,19,6,18,21,7,6,9,7,10,5
609F-10-0,13,16,18,10,10,17,8,24,7,5,3,2
2626-10-0,14,16,13,6,7,12,11,6,12,7,13,15
2666-10-0,11,10,12,8,10,5,18,8,13,12,12,12
5142-10-0,23,16,14,10,18,4,4,8,13,7,10,4
3390-10-0,16,6,15,10,10,14,11,10,9,9,5,11
677A-10-0,9,9,13,9,12,11,12,10,7,11,8,13
8700-10-0,15,8,13,3,12,10,11,12,11,8,12,8
352A-10-0,6,16,6,7,9,7,12,11,16,12,7,13
5630-10-0,9,7,10,7,11,14,6,12,10,12,11,12
737A-10-0,7,18,7,7,5,12,11,18,12,8,9,7
574J-10-0,25,21,7,8,7,8,10,8,6,12,3,5
675G-10-0,12,10,5,3,11,17,10,9,7,10,11,15
6007-10-0,8,3,2,5,9,8,21,21,9,10,11,11
3301-10-0,7,8,8,6,11,6,16,8,10,10,11,13
6840-10-0,5,5,6,9,11,10,8,12,8,9,10,17
5110-10-0,16,17,7,6,14,7,3,6,11,12,1,8
4312-10-0,8,5,5,10,11,10,6,13,12,7,10,9
857R-10-0,11,12,15,8,4,9,6,7,11,9,7,7
4112-10-0,5,7,7,6,9,7,7,12,19,17,4,5
477P-10-0,15,14,10,10,8,9,9,11,5,7,3,
2765-10-0,7,10,11,13,6,2,17,4,10,6,2,11
475R-10-0,22,11,14,4,12,6,2,3,2,8,5,7
5318-10-0,8,8,7,16,10,6,4,8,3,13,8,5
2363-10-0,6,12,11,8,7,6,5,6,11,6,7,10
1178-10-0,6,7,5,12,9,2,8,6,3,7,12,16
5119-10-0,8,3,12,12,7,7,6,16,6,6,4,3
675X-10-0,7,11,4,8,11,8,11,1,8,7,5,7
637R-10-0,7,10,8,3,9,9,3,10,10,14,2,2
7545-10-0,12,4,9,5,10,7,5,11,7,8,5,4
5362-23-0,7,4,5,5,9,13,11,8,8,4,8,4
4314-10-0,4,6,4,5,8,8,9,9,6,9,3,14
3141-10-0,13,10,9,7,11,5,4,6,2,3,9,5
5652-10-0,13,10,7,2,11,7,5,9,2,7,7,4
6366-10-0,7,13,13,4,6,14,3,10,6,5,2,1
6970-10-0,3,3,2,7,9,10,12,7,4,9,12,5
N301-11-0,6,5,3,3,7,7,7,11,9,9,5,11
756A-10-0,8,8,8,2,12,13,5,7,3,7,5,4
N308-11-0,7,4,4,5,8,5,8,7,13,7,7,7
675I-10-0,15,6,10,6,8,4,6,5,10,5,4,2
7004-10-0,8,14,1,3,4,8,7,6,7,12,7,4
807M-10-0,14,8,5,5,6,11,7,7,4,3,4,7
354M-10-0,7,7,7,7,14,3,4,5,5,8,5,8
476G-10-0,4,8,11,2,12,6,2,6,8,11,5,5
8594-10-0,6,6,1,4,13,13,7,4,4,12,5,5
233C-10-0,3,9,6,9,8,4,9,4,7,3,12,5
2551-10-0,3,6,6,6,10,10,5,5,6,4,5,13
407N-10-0,9,4,5,2,7,4,9,7,6,13,7,5
4709-10-0,15,12,7,11,6,5,3,8,3,6,1,1
516N-10-0,8,6,9,7,5,10,7,7,4,5,7,3
311C-10-0,13,7,9,10,5,6,2,4,6,8,2,3
3414-10-0,1,7,6,4,8,10,1,7,10,7,8,6
6500-10-0,8,6,8,2,8,5,3,6,6,13,4,6
509J-10-0,8,10,5,8,9,5,4,6,4,7,5,3
7016-10-0,10,9,6,9,8,4,6,4,4,5,5,4
5108-10-0,15,4,11,4,8,4,4,3,9,4,4,3
6505-10-0,5,12,5,4,5,5,4,4,12,7,3,6
702C-10-0,2,9,9,8,6,2,4,12,6,7,5,2
8705-10-0,8,8,7,2,14,5,5,3,4,5,8,2
8707-10-0,7,7,5,6,7,5,6,8,10,2,6,1
1177-10-0,3,6,10,4,5,9,7,2,4,7,4,8
675R-10-0,6,5,5,7,7,8,3,9,2,7,6,4
N503-11-0,7,7,5,2,6,3,6,10,8,4,9,2
N302-11-0,4,10,4,3,6,7,5,6,5,8,6,4
477A-10-0,10,5,5,7,6,6,2,4,2,3,9,8
8610-10-0,13,10,4,4,4,6,6,4,5,5,3,3
5317-10-0,6,9,5,7,5,8,3,4,5,6,5,3
175T-10-0,8,5,6,7,10,7,,5,3,5,5,4
478P-10-0,11,5,9,5,8,4,5,4,1,6,3,4
7001-10-0,6,5,2,7,6,8,4,4,4,3,11,5
314J-10-0,7,15,6,7,6,4,3,4,3,5,2,2
5185-10-0,7,6,6,4,6,7,5,4,5,7,2,4
5144-10-0,9,7,5,8,7,5,,3,4,4,5,5
8622-10-0,6,2,5,8,8,12,3,5,7,2,4,
775F-10-0,3,7,4,2,8,6,6,6,4,4,1,10
2076-10-0,10,11,5,3,4,3,4,4,3,2,8,3
509M-10-0,11,11,7,11,6,2,2,,2,2,2,4
6013-10-0,1,4,6,3,4,4,10,10,6,4,4,4
695T-10-0,7,3,10,7,2,4,2,4,7,2,5,7
407F-10-0,3,5,3,5,,5,6,1,4,9,9,9
476A-10-0,9,6,6,7,5,5,,6,3,7,5,
5111-10-0,7,6,3,3,7,4,2,8,6,7,4,2
5300-10-0,6,5,5,3,7,7,5,8,5,3,2,3
971R-10-0,7,6,9,7,5,3,3,1,10,4,2,2
6400-10-0,4,4,5,6,8,10,1,5,6,2,4,3
715M-10-0,6,4,8,5,9,5,2,5,1,4,4,5
502J-10-0,13,4,4,5,2,10,4,1,4,2,5,3
5632-10-0,4,5,4,3,4,7,5,9,3,6,5,2
2080-10-0,,2,3,4,5,2,11,5,6,9,6,3
3746-10-0,6,4,7,5,3,4,7,3,3,7,4,3
5131-10-0,1,4,6,3,4,7,4,4,7,2,5,9
6837-10-0,5,4,3,4,7,5,5,4,4,4,6,5
253F-10-0,6,6,7,2,6,5,5,3,4,2,5,4
2590-10-0,9,3,5,1,5,4,3,1,9,6,3,6
407P-10-0,5,4,4,2,4,6,6,5,1,6,6,6
857P-10-0,10,1,6,5,3,5,2,5,5,7,5,1
N501-11-0,2,4,5,1,5,3,5,9,6,5,5,5
2755-10-0,3,4,6,3,7,5,5,2,5,4,3,7
675Z-10-0,12,4,9,9,8,10,2,,,,,
7022-10-0,9,7,2,4,2,4,4,5,6,4,6,1
971X-10-0,4,4,7,,8,10,5,3,6,2,3,2
6200-10-0,5,5,6,3,3,5,4,10,3,3,5,1
3139-10-0,1,2,3,,6,3,5,4,6,10,7,5
6338-10-0,7,6,9,7,6,8,5,3,,1,,
695H-10-0,2,4,2,1,6,8,6,4,5,5,4,5
8615-10-0,5,4,2,3,4,9,4,3,8,3,4,3
1722-10-0,4,2,3,,7,7,6,5,6,6,5,
5154-10-0,7,5,3,3,1,3,4,7,4,5,6,3
6262-10-0,4,3,8,5,4,9,1,3,4,4,3,3
6913-21-0,7,5,5,1,5,4,4,6,6,2,3,3
856R-10-0,10,3,5,5,3,6,4,5,2,1,6,1
148L-10-0,6,6,4,5,2,5,1,4,3,8,5,1
273X-10-0,,4,7,3,7,3,4,2,5,3,4,8
6412-10-0,2,3,2,2,1,4,4,5,7,4,10,6
390E-10-0,3,2,7,6,3,2,2,4,6,3,6,5
648P-10-0,7,4,1,5,2,7,2,4,8,5,3,1
9354-10-0,3,5,4,4,5,4,2,4,5,3,7,2
N601-11-0,3,3,1,4,4,7,6,6,3,5,4,2
178L-10-0,3,3,3,4,7,3,2,6,8,4,2,2
2014-10-0,6,6,3,4,8,3,5,1,3,3,5,
4742-10-0,9,3,7,7,4,5,4,2,2,2,2,
5141-10-0,8,5,5,4,5,4,4,3,2,3,1,3
6048-10-0,2,7,4,6,4,2,4,4,1,5,2,6
4315-10-0,1,3,1,3,4,3,6,2,11,3,3,6
675L-10-0,6,5,3,4,4,3,3,5,5,3,2,3
809P-10-0,5,4,5,3,3,4,3,6,3,5,1,4
175P-10-0,6,2,4,6,8,5,4,3,2,3,1,1
273G-10-0,5,1,2,2,4,5,3,4,7,3,3,6
576C-10-0,8,2,6,3,3,6,5,1,,2,5,4
7023-10-0,2,3,2,3,6,6,3,7,2,8,2,1
2059-10-0,2,4,7,5,4,1,3,5,1,2,6,4
5106-31-0,3,1,3,3,7,5,8,4,1,3,2,4
5129-41-0,5,3,4,5,5,2,2,2,1,3,8,4
5164-10-0,8,3,7,2,6,1,1,6,2,3,1,4
6026-10-0,5,2,2,7,3,4,3,2,5,4,6,1
647A-10-0,9,2,3,1,3,,2,6,9,5,1,3
8528-10-0,3,5,4,2,6,6,2,,4,2,6,4
172Y-10-0,10,12,6,4,3,1,1,1,1,2,1,1
573T-10-0,7,1,2,8,4,4,1,1,4,3,6,2
745M-10-0,2,3,,2,4,1,3,8,3,5,7,5
6006-10-0,1,4,2,4,3,3,1,3,5,7,6,3
2766-10-0,3,2,4,3,3,4,3,1,4,6,3,5
4115-10-0,5,7,3,5,5,3,2,3,3,2,1,2
6291-10-0,4,4,3,2,3,1,5,7,,4,5,3
675V-10-0,10,5,5,3,10,8,,,,,,
709A-10-0,,,4,3,3,7,5,7,1,2,5,4
8677-10-0,7,4,3,1,3,7,2,3,3,3,4,1
1178-31-0,4,2,5,3,3,5,4,1,3,1,4,5
407K-10-0,,3,,,4,6,9,3,3,2,5,5
7903-10-0,2,2,5,4,5,5,4,4,3,1,2,3
9784-10-0,4,1,1,5,5,1,4,3,7,5,2,2
148P-10-0,2,4,1,1,8,6,4,1,6,3,1,2
513L-10-0,2,6,4,6,6,1,3,4,2,2,1,2
8400-10-0,4,6,1,4,6,5,1,2,3,3,2,2
N701-11-0,2,2,4,3,1,4,5,3,3,3,6,3
2583-10-0,2,2,7,4,3,3,4,4,1,5,,3
4732-31-0,8,1,6,3,4,3,,3,1,3,4,2
7458-10-0,6,3,5,3,3,4,4,4,1,2,1,2
967A-10-0,4,3,3,3,4,4,2,6,3,2,3,1
N703-11-0,,,,5,1,2,4,4,9,3,5,5
107T-10-0,2,3,6,4,5,3,1,3,2,4,4,
213C-10-0,7,2,3,1,2,4,4,4,4,3,3,
5107-10-0,3,2,4,4,5,1,3,2,4,2,2,5
5129-10-0,5,,9,1,,3,3,5,2,4,3,2
5178-10-0,6,,5,3,1,6,3,4,3,1,3,2
7550-10-0,5,4,3,2,3,6,3,3,3,3,,2
8215-10-0,5,3,2,2,5,6,3,3,1,4,2,1
1016-10-0,9,9,2,2,5,2,1,3,1,1,1,
263J-10-0,1,3,4,2,3,3,2,1,5,3,6,3
4718-10-0,7,5,2,3,5,,2,3,5,3,1,
574R-10-0,5,4,7,1,1,2,3,,3,5,4,1
675P-10-0,3,3,3,1,3,8,3,2,2,2,4,2
701A-10-0,5,2,2,7,1,2,3,2,5,3,2,2
702U-10-0,5,1,6,4,4,6,1,1,2,1,4,1
8500-10-0,4,6,2,3,3,6,2,3,,4,2,1
888P-10-0,7,3,2,3,6,8,1,,,1,2,3
209P-10-0,2,1,5,1,3,4,2,1,2,8,4,2
3063-10-0,2,4,2,1,3,2,,2,9,3,4,3
748R-10-0,3,3,5,1,3,1,1,7,4,2,3,2
8000-10-0,3,2,2,2,6,5,5,2,3,2,1,2
874T-10-0,5,2,7,3,3,1,4,2,1,3,2,2
9023-10-0,7,1,,4,2,5,4,3,3,3,1,2
9300-10-0,1,3,3,1,4,3,2,2,4,5,7,
106A-10-0,1,3,1,3,3,6,2,4,4,2,5,
172K-10-0,7,1,2,1,2,2,2,5,5,3,3,1
2762-10-0,1,1,2,2,4,4,1,5,4,4,4,2
314V-10-0,5,6,3,4,2,1,1,,1,5,1,5
4288-10-0,8,1,2,,3,3,,6,,6,1,4
475M-10-0,6,2,8,2,5,1,2,2,1,1,2,2
5106-21-0,1,5,4,4,2,4,2,5,3,2,1,1
577T-10-0,3,3,,4,4,4,2,5,1,4,1,3
637P-10-0,4,3,5,,1,4,1,3,4,4,3,2
6825-10-0,3,4,3,4,,4,6,2,1,3,4,
917H-10-0,3,7,1,3,7,2,2,2,3,3,1,
N603-11-0,2,1,1,3,9,6,4,2,2,1,2,1
4727-10-0,5,4,4,2,5,2,2,1,4,2,2,
637J-10-0,,1,3,3,1,3,3,5,6,5,2,1
746P-10-0,6,3,2,1,3,6,,2,2,3,2,3
875A-10-0,1,2,4,3,3,3,2,5,5,3,,2
875H-10-0,4,4,5,4,3,3,1,3,1,2,2,1
9653-10-0,3,5,3,3,2,5,1,2,,1,5,3
N331-11-0,,3,1,3,2,,7,,4,5,3,5
177H-10-0,3,4,1,2,7,1,1,5,2,5,1,
271P-10-0,2,3,3,3,6,7,,,2,3,2,1
273R-10-0,,5,5,3,3,,5,,3,3,4,1
3749-10-0,1,4,5,2,4,1,3,2,2,4,1,3
3902-10-0,5,2,2,2,3,1,6,,2,2,2,5
4002-10-0,,2,,2,2,2,4,2,7,4,2,5
5034-10-0,2,3,5,4,1,5,1,1,2,4,2,2
5106-10-0,1,5,1,3,2,5,3,2,1,4,4,1
5145-10-0,3,7,2,,2,3,1,3,4,3,2,2
5611-10-0,3,5,3,1,4,3,2,1,2,3,1,4
778R-10-0,4,4,4,4,1,2,,3,2,3,3,2
8549-10-0,3,4,2,5,3,5,1,2,,4,1,2
121G-10-0,4,2,3,3,3,4,2,1,1,5,1,2
273J-10-0,2,2,3,2,4,4,5,,4,2,,3
3462-10-0,,2,2,5,4,1,6,4,2,,3,2
364A-10-0,2,1,3,3,2,3,1,3,3,4,1,5
607G-10-0,3,,4,2,4,2,4,5,1,4,2,
6475-10-0,6,1,2,2,3,2,,4,1,4,5,1
7013-10-0,4,1,2,2,3,2,4,2,3,3,5,
8605-10-0,1,5,3,1,6,3,1,3,3,2,2,1
273N-10-0,2,3,1,3,1,,4,2,3,,1,10
2769-10-0,,3,3,5,1,,3,,3,4,4,4
519M-10-0,4,1,1,2,4,1,1,3,1,6,2,4
669A-10-0,3,,2,3,2,2,2,3,5,4,1,3
8055-10-0,3,4,3,5,3,4,2,1,2,1,2,
9191-10-0,1,1,2,6,,8,1,4,3,2,2,
2182-10-0,4,2,2,2,5,2,,,2,4,2,4
373T-10-0,3,1,1,3,2,2,3,2,2,4,,6
675M-10-0,2,4,4,3,2,6,,5,,,2,1
8055-51-0,7,2,3,3,1,3,3,2,2,1,1,1
9501-10-0,1,3,2,5,1,2,8,,2,3,1,1
1017-10-0,7,4,2,,3,2,1,3,2,1,,3
2770-10-0,1,4,2,1,1,2,2,1,2,5,,7
5026-10-0,5,8,2,1,1,3,,1,,4,1,2
6403-10-0,4,3,4,,1,4,4,,4,4,,
746V-10-0,4,5,1,2,2,1,2,4,1,1,2,3
8600-10-0,3,5,1,2,3,1,2,4,2,1,2,2
938C-10-0,5,,,4,2,3,1,1,2,5,4,1
957T-10-0,3,4,2,1,4,3,1,1,1,3,4,1
958P-10-0,3,1,4,1,3,2,2,,1,3,3,5
978J-10-0,4,4,2,,4,2,3,4,2,1,1,1
N705-11-0,,1,1,1,1,3,3,4,1,2,5,6
129F-10-0,3,2,5,2,4,1,3,,,1,1,5
233A-10-0,,3,2,3,3,,3,5,1,2,2,3
307C-10-0,2,1,1,4,6,5,,1,2,1,3,1
4031-10-0,1,2,5,6,2,1,1,1,2,3,3,
5038-10-0,2,1,4,1,5,4,,1,6,1,1,1
546L-10-0,3,2,3,2,2,3,,3,1,2,4,2
607C-10-0,2,3,3,3,3,3,1,,2,,1,6
7267-10-0,7,4,3,2,1,3,,2,2,3,,
775F-31-0,2,5,2,3,2,2,1,1,4,2,2,1
8542-10-0,1,3,,1,1,4,4,1,1,4,4,3
909T-10-0,5,5,5,,2,2,1,1,3,1,2,
930P-10-0,1,1,2,1,1,2,5,4,5,2,1,2
9500-10-0,1,,2,3,3,3,2,1,4,2,3,3
178T-10-0,3,5,5,2,2,,2,3,2,1,1,
5103-10-0,10,1,1,2,1,1,2,,2,1,1,4
5143-10-0,4,1,,1,2,3,6,5,2,,1,1
6250-10-0,4,4,2,,6,2,2,2,1,2,,1
8012-10-0,2,3,6,2,3,2,,3,2,1,2,
8072-10-0,1,2,1,4,2,8,3,3,,,,2
8075-10-0,3,,5,,4,2,3,5,3,,,1
847J-10-0,,2,1,4,3,3,2,3,4,3,,1
971C-10-0,2,2,1,3,8,3,2,1,,2,1,1
199D-10-0,3,2,4,2,6,4,,1,1,2,,
2460-10-0,7,7,7,,,1,1,,1,1,,
274P-10-0,1,1,2,,5,3,1,4,1,2,2,3
3032-10-0,2,1,2,,4,6,2,3,2,1,1,1
3139-31-0,,1,3,4,3,,,2,3,3,3,3
5036-10-0,4,1,4,2,3,2,1,2,1,2,3,
524M-10-0,1,1,3,2,2,3,3,3,1,4,1,1
5614-10-0,2,,1,,4,2,2,2,5,5,,2
6014-10-0,2,1,5,,1,2,,2,3,4,3,2
695V-10-0,1,3,4,1,2,4,3,2,1,2,1,1
8040-10-0,4,3,1,3,4,1,3,,3,2,1,
128Y-10-0,3,2,3,3,2,1,,5,2,3,,
3761-10-0,,,,1,3,1,2,1,2,6,3,5
4222-10-0,2,4,5,2,2,3,,2,1,,1,2
4716-10-0,3,3,,3,1,3,5,3,,2,,1
5105-10-0,2,,3,1,1,4,2,4,4,2,,1
607M-10-0,1,1,4,1,1,5,2,2,1,2,,4
6818-10-0,3,4,2,3,1,2,,6,2,1,,
709M-10-0,3,,2,,4,3,2,2,1,3,,4
7281-10-0,3,4,1,1,2,2,3,1,2,2,1,2
978L-10-0,3,2,1,1,4,7,1,,2,2,,1
172N-10-0,2,2,4,1,1,1,1,4,1,2,3,1
2127-10-0,,3,3,2,3,2,1,3,2,1,2,1
273D-10-0,4,3,1,1,3,1,3,2,2,,,3
3112-10-0,,2,2,1,1,1,1,2,2,3,3,5
3539-10-0,1,4,,1,4,1,1,1,3,3,2,2
3763-10-0,4,,,1,1,1,1,1,,6,4,4
4027-10-0,5,3,4,3,2,,4,,,1,,1
5034-31-0,5,3,1,2,1,3,,2,4,1,,1
514T-10-0,3,2,3,2,4,3,2,1,,,2,1
573H-10-0,3,,4,2,3,2,,3,1,1,2,2
637A-21-0,2,3,1,,,3,5,4,1,,1,3
701U-10-0,3,2,2,1,,4,3,,3,1,2,2
7181-10-0,2,5,5,1,1,3,,1,4,,1,
8018-10-0,5,1,,1,4,3,3,3,,1,1,1
847P-10-0,5,4,2,2,4,1,,1,,2,2,
9050-10-0,3,5,2,1,4,2,1,3,,,2,
978T-10-0,3,4,4,1,1,,2,2,,3,3,
N507-11-0,1,3,1,2,4,1,2,2,5,1,,1
N801-11-0,2,4,,5,4,2,1,2,,,,3
1732-10-0,3,4,1,3,2,2,3,,1,2,1,
2031-10-0,,3,,1,5,1,4,,2,1,3,2
374M-10-0,2,3,1,2,,,2,2,3,2,2,3
407J-10-0,2,2,,,1,3,1,4,2,5,2,
4221-10-0,5,1,1,2,3,2,1,2,1,1,2,1
4706-10-0,3,1,4,1,3,1,1,1,2,2,1,2
5021-10-0,2,4,1,,2,1,2,2,4,,2,2
675A-10-0,2,2,1,2,3,3,2,1,1,2,1,2
8010-10-0,3,2,2,5,1,,,,4,2,2,1
809V-10-0,,1,3,3,,2,2,1,4,2,3,1
8545-10-0,2,1,1,1,6,2,1,2,1,1,2,2
8696-10-0,,2,,1,4,2,2,,4,5,,2
N706-11-0,,2,1,1,3,1,3,3,4,2,1,1
179X-10-0,4,1,2,,1,4,4,2,1,,2,
273L-10-0,1,1,1,2,3,1,2,,2,2,4,2
2756-10-0,1,3,3,2,1,2,2,2,2,1,2,
5175-10-0,4,2,1,1,2,2,1,,4,1,,3
517J-10-0,1,1,2,,1,4,,1,1,4,2,4
6001-10-0,5,2,3,3,,2,,,1,2,2,1
6015-10-0,,2,1,2,,2,2,2,4,2,3,1
7021-10-0,1,1,1,1,4,2,2,2,2,1,1,3
746K-10-0,2,,1,3,1,3,,3,3,,5,
8015-10-0,2,2,1,1,3,2,3,,2,1,4,
8022-10-0,3,4,1,3,1,3,,1,,2,3,
809L-10-0,4,1,5,,1,3,,2,1,2,2,
975A-10-0,4,,5,2,1,2,2,1,,,3,1
1720-10-0,,2,,3,3,2,1,3,1,1,2,2
278A-10-0,,1,3,1,,,1,2,5,2,3,2
5029-10-0,1,3,2,3,2,3,2,3,,,,1
5290-10-0,3,2,2,,1,2,,2,5,,3,
574C-10-0,2,,,2,3,2,2,3,2,3,,1
647P-10-0,4,3,1,2,3,,,1,1,1,2,2
6824-10-0,2,,3,2,,2,,2,,6,2,1
707K-10-0,,,,,,,2,2,4,6,4,2
719P-10-0,1,3,3,1,1,1,1,1,2,4,2,
807A-10-0,2,2,2,2,1,3,3,,1,2,2,
N702-11-0,2,1,2,1,3,2,1,1,,2,1,4
172P-10-0,3,2,,1,5,2,1,,2,2,,1
172R-10-0,,2,3,6,1,3,2,1,,1,,
2772-10-0,2,1,,1,,1,3,2,4,1,3,1
4029-10-0,1,3,1,,1,,1,3,1,3,3,2
4732-10-0,1,4,5,2,,2,1,,1,1,1,1
5110-41-0,1,1,4,1,2,4,,1,,3,1,1
6414-10-0,1,2,1,3,2,1,1,5,1,,1,1
6836-10-0,1,3,,1,2,4,3,1,1,1,,2
7059-10-0,,1,,,1,2,5,3,2,3,1,1
746H-10-0,1,4,4,2,,1,,1,2,3,,1
775P-10-0,3,1,2,,2,4,1,3,,1,1,1
908T-10-0,,3,2,,1,1,1,,1,3,4,3
9301-10-0,1,4,4,1,2,2,1,,1,,2,1
N505-11-0,,2,,3,2,2,3,1,1,2,3,
N742-11-0,1,2,1,3,2,2,1,2,2,2,1,
172U-10-0,4,,1,,3,,1,,4,3,1,1
211L-10-0,2,1,3,2,4,2,,,,1,1,2
213C-31-0,2,3,2,,2,,,1,2,2,1,3
2767-10-0,,,2,,,3,1,2,3,1,3,3
2780-10-0,1,5,4,3,2,,2,1,,,,
3046-10-0,,1,2,1,1,3,1,1,3,3,1,1
4725-10-0,3,1,4,3,1,,1,1,,2,1,1
508L-10-0,,1,2,,1,1,2,,3,3,4,1
7245-10-0,2,,1,2,,3,3,1,4,2,,
7272-10-0,2,,4,1,2,1,1,2,2,1,1,1
7411-10-0,5,2,3,,2,3,,1,1,,,1
877T-10-0,,1,1,2,2,3,,2,2,1,2,2
N206-11-0,3,3,2,2,1,4,2,1,,,,
N504-11-0,,,1,2,1,1,3,4,,3,3,
N733-11-0,,,,1,,3,3,2,3,2,3,1
1206-10-0,3,1,1,,1,1,,4,2,2,2,
1702-10-0,2,3,2,,3,2,,2,1,2,,
172J-10-0,3,3,2,2,3,1,,1,1,1,,
3033-10-0,2,1,3,,1,4,1,2,1,1,1,
351F-10-0,2,,1,3,1,1,,2,1,1,2,3
3901-10-0,2,2,,1,2,2,2,,3,1,1,1
6019-10-0,7,1,,,,2,3,2,2,,,
6358-10-0,2,3,1,1,,3,,,1,1,3,2
6422-10-0,2,,1,2,3,2,1,1,1,,1,3
6820-10-0,3,1,1,3,,1,3,2,1,,1,1
8016-10-0,1,2,,2,3,,2,,1,2,4,
817C-10-0,,3,3,3,1,1,,2,,,3,1
819R-10-0,5,2,3,6,1,,,,,,,
8548-10-0,1,1,4,1,3,3,1,,1,1,,1
857C-10-0,4,,,2,2,1,2,1,1,2,1,1
8696-41-0,1,,2,1,1,1,3,3,1,,4,
N343-11-0,,,,2,4,1,,4,1,2,1,2
N502-11-0,,1,1,2,,2,1,4,2,2,,2
N842-11-0,,1,3,1,2,2,1,1,2,,2,2
178A-10-0,1,1,3,,2,2,2,,3,2,,
2523-10-0,1,5,3,,1,1,,1,2,1,1,
2628-10-0,,2,2,2,,1,8,1,,,,
271A-10-0,3,,,1,4,3,,2,2,1,,
271F-10-0,1,1,3,2,2,,,1,2,1,2,1
3098-10-0,3,2,2,2,1,2,,1,,2,1,
3773-10-0,,1,1,2,1,1,1,,2,2,2,3
4001-10-0,2,3,,,1,3,1,,3,1,1,1
4708-10-0,3,3,1,1,3,2,,1,1,,1,
5370-21-0,1,1,2,1,,2,1,3,2,1,1,1
6804-10-0,4,2,1,1,1,,1,,,3,,3
8002-10-0,4,,2,2,2,,2,,,,3,1
805L-10-0,1,1,1,3,2,,,1,4,,2,1
807P-10-0,6,1,1,1,2,3,,,,1,,1
917M-10-0,1,1,,1,3,,2,1,2,3,1,1
N602-11-0,2,1,1,2,2,,3,1,,2,1,1
1020-10-0,,,,,,2,2,5,2,1,3,
118C-10-0,2,,4,2,1,1,,1,1,3,,
1709-10-0,1,2,2,3,3,1,1,1,,,1,
2290-21-0,1,1,1,1,,1,2,3,,1,3,1
263C-10-0,,4,,1,2,1,4,1,2,,,
3161-10-0,3,,1,,3,1,1,1,1,3,1,
4030-10-0,1,,4,1,3,1,2,,2,,1,
4491-10-0,,1,2,2,1,3,2,1,1,1,1,
5100-10-0,7,1,,1,1,2,1,,,2,,
6022-10-0,,3,,2,3,,,2,3,,1,1
6049-10-0,3,2,1,1,2,,2,2,2,,,
7012-10-0,1,3,1,1,,,,1,3,2,1,2
709P-10-0,3,2,2,,,1,,,1,4,,2
778J-10-0,1,,1,1,1,2,,3,,1,3,2
8004-10-0,3,1,2,,,5,,,1,,2,1
8006-10-0,2,3,3,2,,,,1,,2,1,1
8047-10-0,3,4,1,,1,1,,,,1,3,1
848L-10-0,,2,,1,1,2,1,2,1,2,3,
N304-11-0,1,,2,1,3,1,3,1,1,2,,
N306-11-0,,,,,1,4,3,1,1,4,,1
1156-10-0,1,1,3,,2,1,1,,1,1,2,1
178Y-10-0,5,4,,1,2,,,,1,,1,
209P-1-0,1,2,3,1,1,3,1,1,1,,,
2501-10-0,2,5,2,1,1,2,,1,,,,
2726-10-0,,1,,,,2,3,,3,1,1,3
373M-10-0,4,2,1,3,,1,,1,1,,,1
407E-10-0,,1,1,,1,1,,4,2,2,2,
4114-10-0,,1,1,2,1,1,1,2,2,2,,1
4284-10-0,3,1,1,1,,2,1,1,1,1,1,1
5010-10-0,,1,3,,,3,2,2,1,1,,1
5013-10-0,2,,1,,2,1,1,,2,4,,1
507T-10-0,2,,1,,1,4,,,1,2,2,1
574W-10-0,2,1,1,2,2,2,1,1,,1,,1
5757-10-0,1,1,1,1,1,,1,2,1,1,1,3
575A-10-0,2,2,1,,1,2,,1,1,3,1,
647C-10-0,,3,,2,,3,,5,,,,1
7002-10-0,2,1,2,,1,,1,1,1,2,2,1
8009-31-0,1,,1,1,2,3,,,1,,2,3
807J-10-0,2,2,3,,1,1,,2,1,,2,
809A-10-0,3,2,2,1,,2,1,,,,1,2
9162-10-0,2,3,,,,,2,2,3,1,1,
9701-10-0,1,2,,3,2,2,1,,2,,,1
N204-11-0,3,2,2,1,2,2,,,,1,1,
N207-11-0,2,1,1,1,2,,3,3,1,,,
N339-11-0,,2,2,,4,1,1,1,2,,1,
N704-11-0,2,4,,,2,2,1,,1,,2,
174M-10-0,1,2,1,,,2,1,3,1,1,1,
1786-10-0,1,2,1,,1,5,,1,,,2,
189L-10-0,1,5,1,,1,4,,,,1,,
2725-10-0,2,1,2,,1,2,,,1,,2,2
372U-10-0,1,,1,1,,2,,,2,1,3,2
4018-10-0,,2,1,1,,1,,1,1,4,1,1
4111-10-0,3,1,1,1,1,2,,2,2,,,
5031-10-0,,,1,2,3,1,,2,,3,1,
5033-10-0,2,,3,1,1,2,1,,1,1,1,
5362-41-0,2,,,,2,1,2,1,1,1,2,1
5705-10-0,1,1,4,1,1,1,1,,,2,,1
637A-25-0,1,3,,,3,,,,2,2,1,1
6821-10-0,3,,,,2,1,2,1,1,2,1,
695X-22-0,,2,1,2,,1,2,2,,,3,
7014-10-0,,,,2,2,1,2,1,,1,2,2
7282-10-0,1,1,4,,2,,1,1,1,1,1,
8008-10-0,1,,6,1,2,1,,,,,,2
8014-10-0,2,1,,1,4,3,1,,,,1,
819A-10-0,1,,,1,3,4,,,2,,1,1
875P-10-0,2,1,2,,2,,,,1,,4,1
9181-10-0,,1,1,2,3,4,,,,1,1,
971D-10-0,1,2,1,2,3,1,,,1,1,1,
971M-10-0,1,1,2,2,2,1,1,,1,1,1,
N334-11-0,,2,1,4,2,2,1,,,,,1
N401-11-0,,1,1,1,1,4,,2,1,2,,
N403-11-0,2,2,,1,1,3,2,,,1,,1
N802-11-0,,2,2,,3,2,1,1,,,1,1
N840-11-0,,,1,,2,2,1,3,2,,2,
119C-10-0,2,3,3,1,1,,,,,,,2
1760-10-0,2,,2,1,2,2,,,,1,,2
2088-10-0,2,,1,1,2,1,3,,1,1,,
2161-10-0,1,3,,2,,1,1,,2,,2,
2522-10-0,1,1,,,,1,1,1,1,1,4,1
3021-10-0,2,1,,,1,,1,,4,,1,2
414P-10-0,1,1,1,,,2,1,,,3,2,1
5164-21-0,2,1,1,3,2,,,,,,3,
6805-10-0,1,2,,2,3,1,,,,1,2,
6820-31-0,1,1,2,1,,,4,1,1,1,,
709G-10-0,3,1,1,,,2,,3,,1,,1
8043-10-0,1,3,3,,,,1,,1,1,2,
846M-10-0,2,1,,,1,2,2,2,1,,1,
9015-10-0,,2,,2,,3,1,1,,,2,1
9019-10-0,2,1,,2,2,2,,1,1,1,,
978A-10-0,1,1,1,,1,,1,2,2,1,,2
N531-11-0,,2,1,2,2,4,,1,,,,
N735-11-0,,,2,,3,1,1,,3,1,,1
1787-10-0,,,1,2,3,2,,,2,,1,
2728-10-0,1,,1,1,3,1,1,,1,2,,
3001-10-0,,,,,1,,2,3,3,1,1,
4729-10-0,2,1,,2,1,1,,1,,1,1,1
476G-41-0,2,,1,,2,2,1,,1,1,,1
5032-10-0,3,1,1,,1,1,,1,,2,1,
5791-10-0,,1,,1,3,1,3,,,1,,1
6003-10-0,1,,,1,,,,,3,3,1,2
6010-10-0,,3,,1,1,1,,,2,,2,1
637A-22-0,,2,1,2,1,,,3,,2,,
637G-51-0,1,1,1,,2,,1,2,,2,1,
6418-10-0,,2,1,,1,,,3,2,1,1,
675K-23-0,2,3,,,1,1,2,1,,,,1
6835-10-0,1,1,1,1,,1,,2,,2,2,
7006-51-0,,2,1,,,3,3,,,,1,1
7040-10-0,3,,2,,,2,,2,,1,1,
719R-10-0,1,2,1,,,1,1,,1,,3,1
8047-41-0,1,3,2,2,,2,,,,,1,
8060-10-0,,3,1,1,2,1,,1,,,2,
8073-10-0,,3,1,,,1,2,,1,,2,1
8200-10-0,2,2,1,,1,2,1,,1,,,1
8538-10-0,,,,1,2,1,1,1,1,1,2,1
857A-10-0,2,,2,2,2,,1,1,,1,,
9009-10-0,3,,,1,2,1,1,1,,,1,1
9051-10-0,2,,,,,3,1,2,1,,1,1
9789-10-0,2,2,,2,2,1,,1,1,,,
1730-10-0,,,3,3,2,,,1,,1,,
1764-10-0,1,1,,,2,1,,1,1,2,,1
177Y-10-0,1,,1,2,,,1,3,,1,1,
2018-10-0,,,1,,,1,1,,2,1,3,1
208M-10-0,2,1,,2,3,,,,1,1,,
2718-10-0,,,2,,1,1,,1,,2,,3
271M-10-0,2,,4,,2,,,,,1,1,
4028-10-0,1,,1,1,,2,1,1,,1,,2
4721-10-0,,,1,,2,,3,1,,1,,2
5020-10-0,,2,2,2,1,,,1,,1,,1
5123-10-0,1,1,1,,2,,2,2,,,1,
5701-10-0,1,1,2,1,1,2,1,,,,1,
6093-10-0,,2,,,,5,,1,1,1,,
675N-10-0,,1,1,1,1,3,,1,2,,,
6806-10-0,1,2,1,1,1,,1,,,1,1,1
6823-10-0,2,,2,,,,,1,2,2,1,
6826-10-0,,1,2,2,1,,,,1,2,,1
8038-10-0,1,,2,,2,,2,,,1,2,
8062-10-0,1,,1,3,2,1,1,,1,,,
809D-10-0,1,,,1,1,,1,1,2,3,,
8319-10-0,1,,1,,4,,1,,1,,2,
9011-10-0,2,1,,1,,,3,,,1,2,
9047-10-0,1,,2,4,,1,1,1,,,,
938V-10-0,2,2,,2,,2,,,1,,1,
N209-11-0,3,,,,1,1,2,1,,1,,1
N506-11-0,1,,,,2,2,1,,,1,2,1
1012-10-0,,1,2,3,1,1,,1,,,,
1705-10-0,1,2,1,,1,1,,,1,,2,
211V-10-0,,2,,1,,1,,,1,1,1,2
2123-10-0,,,,2,1,,1,2,1,1,1,
2719-10-0,,2,,2,1,1,,,,1,1,1
2721-10-0,1,,2,,,,1,,1,2,2,
2731-10-0,,1,,,1,,1,,2,2,1,1
3024-10-0,4,1,,2,1,,,,1,,,
3574-10-0,,,2,2,2,2,,1,,,,
3737-10-0,,1,,,1,,,1,1,2,2,1
3762-10-0,1,1,2,1,,,2,,,1,1,
3789-10-0,2,1,,,,,,1,2,,2,1
4033-10-0,1,3,1,1,,,1,,,1,,1
4052-10-0,,1,,,1,1,,1,2,1,1,1
407A-10-0,,,,,3,,1,3,,1,,1
407L-10-0,1,1,,1,,2,,,1,3,,
407M-10-0,1,1,1,2,1,,,1,,2,,
425E-10-0,1,2,2,2,1,,,1,,,,
5194-10-0,1,1,,,,4,,1,,1,,1
5702-10-0,,,,1,,,3,1,2,1,,1
5752-10-0,,1,,,1,,1,1,4,1,,
576M-10-0,2,,,1,,,1,1,1,1,,2
6074-10-0,,1,,1,,1,2,,,4,,
6080-10-0,,,,,3,1,1,,1,1,,2
637V-10-0,,1,1,,3,1,1,2,,,,
675G-41-0,2,1,3,,1,1,,1,,,,
6801-10-0,1,2,1,1,1,,1,,1,1,,
6803-10-0,,2,,2,2,,1,1,,,,1
6805-31-0,,,3,2,2,,,,1,,,1
6817-10-0,,,,,2,,2,3,,,1,1
6822-10-0,4,,1,,,,2,,1,1,,
7006-10-0,3,,,1,,1,,,,2,1,1
7017-10-0,,,,,,,3,,2,2,1,1
7050-10-0,3,,,,1,2,2,,,1,,
7060-10-0,,1,,1,,1,,1,,4,,1
7600-10-0,,,2,2,,,2,,1,1,,1
778J-41-0,4,,2,1,,,1,,,,,1
8013-10-0,,1,,1,3,,,,1,1,2,
8078-10-0,3,1,1,1,,1,,1,1,,,
8544-10-0,1,,1,,1,3,,,,,2,1
938P-10-0,,,,,6,1,1,1,,,,
971V-10-0,1,,,2,,1,1,,2,1,1,
N337-11-0,1,1,,,,1,1,2,,,2,1
N631-11-0,,1,,,1,,2,,,4,1,
N634-11-0,3,1,,,3,2,,,,,,
N732-11-0,,,,1,1,,1,1,1,,2,2
N745-11-0,1,2,1,1,,,1,2,,,1,
1721-10-0,,,2,,1,,2,1,,,2,
1780-10-0,,,3,1,1,1,,,1,,,1
2017-10-0,,1,1,,,2,,2,,,2,
2058-10-0,,,,,1,1,1,,2,,3,
2709-10-0,1,1,,,,,1,2,,1,2,
272N-10-0,,1,,1,1,,2,1,,1,1,
3023-10-0,,,,1,1,1,,1,,,2,2
3054-10-0,,,1,1,,,,,2,1,1,2
3459-21-0,,1,,,,,2,1,,,1,3
3729-10-0,1,,1,,,1,1,1,1,,1,1
3778-10-0,,2,2,1,,1,,,1,,,1
3785-10-0,,,1,,1,,,1,1,1,1,2
4735-10-0,,,,2,,1,1,,1,1,1,1
477U-10-0,,1,1,,1,,2,1,,,2,
527R-10-0,,,,,1,,,,1,1,4,1
5391-21-0,,,,,2,4,1,,,,1,
576J-10-0,,,,,1,2,1,1,1,1,,1
6017-10-0,1,1,,2,,1,,,1,1,,1
6115-10-0,1,1,1,,2,1,1,,1,,,
6338-21-0,1,3,,3,,1,,,,,,
695D-10-0,1,,,,,,1,1,,3,1,1
8050-10-0,3,1,,1,2,,,,1,,,
8100-10-0,,1,,,2,,1,1,,,3,
8199-10-0,1,3,1,1,,,1,,1,,,
874C-10-0,1,,,1,1,3,1,1,,,,
9002-10-0,1,1,,2,,1,,,,,2,1
9188-10-0,2,1,,,2,,,,,2,1,
938L-10-0,1,,,,1,1,2,1,1,,1,
948A-10-0,,4,1,,1,,,,,1,,1
N201-11-0,3,,1,1,,,1,,1,1,,
N303-11-0,1,2,1,,,,2,1,,,1,
N407-11-0,,1,1,1,,,,3,,2,,
N532-11-0,,,1,1,,2,,,,3,,1
N834-11-0,,1,,,2,1,1,2,,1,,
N843-11-0,1,,1,,1,,1,,1,2,1,
1036-10-0,1,1,,,,,,2,,,1,2
1785-10-0,1,,1,1,,1,,1,2,,,
1788-10-0,3,,,,1,,1,,,2,,
2105-10-0,,2,1,,1,,1,,1,1,,
2175-10-0,1,2,,,,,,,1,1,1,1
2722-10-0,,,1,1,2,1,,,1,1,,
3003-10-0,1,,,2,,,,1,,1,,2
3134-10-0,,,,,,1,,1,,,2,3
3459-23-0,1,1,,,,,,2,1,1,,1
3459-24-0,,1,1,1,,1,,,1,1,,1
3745-10-0,,,,,,,,2,2,1,1,1
375V-10-0,2,,,1,,1,2,1,,,,
4025-10-0,,1,2,1,2,,,1,,,,
4734-10-0,,,1,1,1,1,,,1,,1,1
5028-10-0,1,1,,1,1,,,,1,,1,1
502J-22-0,1,,2,2,,,1,,,,1,
5030-10-0,,2,1,,1,1,,2,,,,
5091-10-0,1,,,,1,1,2,,,,2,
5164-41-0,1,,,1,,2,,1,,1,1,
524L-10-0,1,1,,,,,2,,1,1,,1
5318-21-0,1,1,1,,1,1,,,,,,2
546T-10-0,,,2,1,,1,1,,,1,,1
5630-21-0,3,,1,,,,,,1,1,,1
574A-10-0,1,,1,1,,1,1,,,2,,
6012-10-0,,2,,1,,,,1,,1,1,1
6028-10-0,,1,,,,,2,1,,2,1,
6815-10-0,2,,1,,,1,,,1,,,2
6816-31-0,2,,1,,,,,3,1,,,
7049-10-0,1,,2,,1,2,,,,1,,
736G-10-0,2,,,1,,,,3,,1,,
736I-10-0,1,,1,1,1,,,2,,,1,
8077-10-0,3,,,2,,,1,,,,1,
809H-10-0,1,2,,,,,1,1,,,2,
8705-51-0,1,1,1,1,,,1,,,,2,
9012-10-0,1,2,,,1,,,,1,1,1,
9717-10-0,1,1,2,1,,,,,,1,1,
N102-11-0,,1,,1,,1,2,,,,1,1
N134-11-0,,1,,1,,,,3,1,1,,
N202-11-0,,,,,2,1,2,,1,1,,
N404-11-0,,1,,,,1,1,,,1,3,
N405-11-0,,,1,1,,2,,,1,2,,
N406-11-0,1,1,,2,1,,1,,,1,,
N535-11-0,1,1,,1,,,3,1,,,,
N734-11-0,,2,1,1,,,,,,2,1,
1177-31-0,1,,,,,1,1,1,1,,,1
118Y-10-0,,,,,1,,,2,2,,,1
1758-10-0,1,,1,1,1,,,,,1,1,
1772-10-0,,,1,,1,2,1,,,1,,
1782-10-0,1,2,2,,1,,,,,,,
2011-10-0,2,1,1,,,,,,,,1,1
2016-10-0,,2,,,1,,2,,,,1,
2019-10-0,1,,,,,1,2,,2,,,
2028-10-0,,,1,1,,1,1,,,1,,1
2104-10-0,,1,1,,1,1,1,,,1,,
2451-10-0,,,,,2,,,,,,2,2
2552-41-0,1,1,1,,2,,,,,,,1
2702-10-0,,1,2,,,,,,,,1,2
2703-10-0,,,1,,,1,1,,,1,1,1
2706-10-0,1,,,1,2,1,1,,,,,
2734-10-0,,,,,,,1,1,,,2,2
2735-10-0,1,,1,,,1,1,,,1,,1
273F-10-0,,,1,,,1,,1,1,,1,1
2768-10-0,,2,,1,1,1,1,,,,,
3004-10-0,,1,,2,,,1,,,,,2
3029-10-0,,,,,,2,,1,,,,3
3063-41-0,,1,,1,,,1,1,1,1,,
3722-10-0,1,,,,,3,,,,,2,
3743-10-0,1,,1,,,,,,1,,1,2
374V-10-0,,,,,,1,1,1,1,,,2
3903-10-0,,,,2,,,,1,,,2,1
4011-10-0,,,1,1,1,1,,,,2,,
407G-10-0,,1,,,,,1,2,,,1,1
4085-10-0,,,3,,,,1,,1,,1,
4286-10-0,1,,2,,,1,1,,,,1,
4312-21-0,1,,,,1,1,,1,,,1,1
5110-24-0,,1,,,1,,,1,1,1,,1
5127-10-0,,,,1,2,,,1,,,,2
5362-21-0,,3,1,,,,,,,2,,
6042-10-0,,,,2,,,1,,1,,1,1
607A-10-0,,,1,,1,,1,,1,1,1,
6451-21-0,,1,1,,2,,,1,,1,,
677V-10-0,,1,1,,,,1,,,1,1,1
677Y-10-0,,,,,2,,,1,1,1,1,
6812-10-0,,2,1,1,,,1,,,,1,
6960-21-0,2,,1,,,,1,,,1,,1
7005-10-0,,,,1,2,,,1,1,1,,
746C-10-0,2,,1,1,,1,,,,,,1
775V-10-0,1,,,1,1,1,,1,,1,,
8007-10-0,,,1,,,,,,,1,3,1
8194-10-0,,1,,1,1,1,1,1,,,,
8300-10-0,,2,,,,1,1,,1,,1,
9005-10-0,2,,3,1,,,,,,,,
9008-10-0,4,,1,,,,1,,,,,
9014-10-0,1,,,,1,1,,,,2,,1
9032-10-0,1,1,,,1,,1,1,,,1,
N133-11-0,,,,1,1,4,,,,,,
N632-11-0,,,,1,1,,2,1,,,1,
N831-11-0,,1,,,1,1,,1,,,1,1
N835-11-0,1,1,,,,,2,1,,,,1
N839-11-0,1,,,,,1,2,,,,2,
119L-10-0,,,,2,,1,2,,,,,
1701-10-0,1,1,1,1,,,1,,,,,
1738-10-0,,,,,,1,,,2,2,,
1742-10-0,1,,,,,,,,1,2,,1
1743-10-0,,,,,1,,1,1,2,,,
1756-10-0,,,,1,1,1,2,,,,,
1775-10-0,1,,,1,,1,,1,,,1,
1783-10-0,,,,,2,2,1,,,,,
2010-10-0,,1,,2,,1,1,,,,,
2013-10-0,,1,2,,,,,,1,1,,
2032-10-0,1,,1,,2,,,1,,,,
2060-10-0,,,,1,,1,1,,,,2,
2101-10-0,1,1,1,,,,1,1,,,,
2101-41-0,,,,,1,1,,,2,1,,
2171-10-0,1,1,1,1,1,,,,,,,
2708-10-0,,1,,,1,1,,,,1,1,
2712-10-0,,,,,,,,1,1,,,3
2723-10-0,1,2,,,,,,,,1,1,
273V-10-0,,,1,,,,1,1,,1,,1
3002-10-0,,,,,,1,1,,1,,,2
3053-10-0,,,,1,,1,,,,1,2,
3064-10-0,,2,,1,2,,,,,,,
3206-10-0,,,,1,,1,,,1,,1,1
3739-10-0,,,,,,,,,2,1,1,1
3787-10-0,1,,,,,1,,2,,1,,
403A-10-0,,,1,,,,1,1,1,1,,
407H-10-0,1,,,1,,1,1,,,,1,
5018-10-0,,,,,,,2,,1,1,1,
5035-10-0,1,,1,,,2,,,1,,,
509J-21-0,1,,,1,,3,,,,,,
5110-21-0,2,,,,1,,,1,1,,,
5128-10-0,1,,,,,,,2,1,,,1
5362-22-0,,1,,,,,,2,,,1,1
575C-10-0,1,,,,,2,,1,,1,,
6016-41-0,,,,1,1,,,2,,1,,
6025-10-0,1,,2,,2,,,,,,,
6034-10-0,2,,,,,,,,1,1,,1
6055-10-0,,,,,,,,,1,1,2,1
6258-10-0,,,1,,,,,2,1,,1,
677A-23-0,2,3,,,,,,,,,,
6816-10-0,,1,,,,,1,,1,,1,1
6835-31-0,,1,,,1,1,,1,,,1,
695Y-21-0,1,1,,,1,1,,,,,1,
7005-51-0,,,1,1,1,,,,1,1,,
7016-21-0,1,,,,,1,1,2,,,,
746R-10-0,,2,,,1,1,,,,1,,
748A-10-0,1,,,1,,,,1,2,,,
775A-10-0,,,3,,1,,,1,,,,
8001-10-0,2,,1,1,,,1,,,,,
8026-10-0,,1,,,3,,,,,,1,
8050-31-0,1,1,1,,1,1,,,,,,
847P-42-0,,,1,1,,1,,,1,,1,
857R-41-0,,1,,,,,,,2,1,1,
8700-21-0,2,1,,,,,,,,1,1,
N104-11-0,1,,,,1,1,,,2,,,
N106-11-0,,,,1,,,,2,1,1,,
N131-11-0,,2,,,2,,,,,1,,
N305-11-0,,,2,,1,,,,,,2,
N335-11-0,,,1,,1,,1,,1,,1,
N336-11-0,1,1,,,,1,,,,,1,1
N536-11-0,,,,1,,1,,,,1,2,
N637-11-0,1,,1,,1,,,1,1,,,
1019-10-0,,,,1,1,,1,,,,1,
139A-10-0,1,1,,,2,,,,,,,
1757-10-0,,,,,,,,1,1,1,,1
1767-10-0,2,,,1,,,1,,,,,
1771-10-0,1,,,,,1,,,1,,1,
1778-10-0,1,,,1,,,1,1,,,,
2005-10-0,,,2,,1,1,,,,,,
2023-10-0,,,,,,,,1,2,1,,
2203-10-0,,,,,,,,,1,2,1,
2435-10-0,,1,1,,1,,,,1,,,
2707-10-0,,,,,,1,,1,,,1,1
2709-31-0,,,,,,,,,1,3,,
2710-10-0,,,,,1,,,1,,1,1,
2717-10-0,,,,,,,2,1,,,1,
271C-10-0,1,,,,,,,2,,1,,
2727-10-0,1,,,,,,,,,,,3
297A-10-0,,,,,,,,2,1,1,,
3031-10-0,,,1,1,,,1,,,,1,
3069-10-0,1,,1,,,,1,,1,,,
3099-10-0,1,,,1,2,,,,,,,
312N-10-0,,,,,,2,1,1,,,,
3686-21-0,,,,,,,,,2,1,,1
3712-10-0,,1,,1,,,,1,,,1,
3721-41-0,1,,,,,1,2,,,,,
3734-10-0,,,1,,,,,1,1,1,,
3742-10-0,,,1,,,,,2,,,,1
3754-10-0,1,,,,1,1,1,,,,,
3766-10-0,1,,,,1,,,1,,,,1
4007-10-0,,,,,,,,1,1,1,1,
4013-10-0,,,,,,,1,1,,,1,1
407I-10-0,,1,1,,1,,1,,,,,
5012-10-0,,,1,,,2,,,,,,1
5015-10-0,,,,,1,1,,,1,,,1
5119-22-0,,1,,,,1,,1,,,1,
6002-10-0,,,,,,,,,,1,1,2
6038-10-0,,1,1,1,,,,,,,,1
6039-10-0,,,,,2,,,,1,,1,
6046-10-0,,2,,,,,,,,1,1,
6047-10-0,,,1,,,,,1,1,1,,
6061-10-0,,,,,1,2,,,,,,1
6078-10-0,,,,,2,,,,,2,,
6091-21-0,2,1,,,,,,,,1,,
6091-51-0,2,,,,1,,,,1,,,
6099-10-0,,,1,,,,,,,2,1,
6118-10-0,,,,,,,,,,1,3,
6120-10-0,,,,,,2,,2,,,,
6258-31-0,,,,,,,1,,,1,2,
6450-21-0,,,2,,1,,,,,1,,
6455-21-0,,1,,,,,,2,,,1,
6726-10-0,1,1,,1,,,,,,,1,
707A-23-0,,,,1,,1,1,,,1,,
771P-10-0,1,,1,1,,,,,1,,,
775N-10-0,1,,,,1,,1,1,,,,
778R-21-0,,,1,,1,,,2,,,,
8003-10-0,3,,,,,,,,1,,,
8065-10-0,3,,,,,,,,,1,,
809J-10-0,1,,2,,,,,,,1,,
809R-10-0,,,,1,2,,,,,,1,
809T-10-0,1,1,,,,,,,1,,,1
9004-10-0,1,,1,,,1,,,,1,,
N101-11-0,,,,3,,,1,,,,,
N136-11-0,,,1,,,,2,,1,,,
N143-11-0,1,,,,1,1,,,,,,1
N236-11-0,,2,,,,,,,2,,,
N342-11-0,,,,,,2,2,,,,,
N538-11-0,,,,,1,,,,,1,2,
N640-11-0,,2,,,1,,,,1,,,
N731-11-0,,,,,,1,,,,,,3
1024-10-0,,1,,,1,,,,,,,1
129F-41-0,1,,,1,1,,,,,,,
1720-21-0,,,,,1,,,1,1,,,
1726-10-0,,,,,1,1,,1,,,,
1745-10-0,,,1,,,,1,1,,,,
1759-10-0,,,,,1,1,,,,,1,
1773-10-0,1,,,,,,,,,2,,
2008-10-0,,1,1,,,,,,,,,1
2026-10-0,1,,,1,1,,,,,,,
2029-10-0,,,1,1,1,,,,,,,
2030-10-0,1,,,,,,1,1,,,,
2201-10-0,,,,,,,1,,,1,,1
2202-10-0,,,,,,,,,1,1,1,
2714-10-0,,,1,1,,,,,,1,,
2715-10-0,,,,,,,,,2,,,1
2720-10-0,1,,,,,,,2,,,,
2722-31-0,2,,1,,,,,,,,,
2730-10-0,1,,1,,,,1,,,,,
2740-10-0,,,,,,,1,,1,,1,
3013-10-0,,,,,,,1,1,,,1,
3020-10-0,,1,,,,1,,,,,,1
3027-10-0,1,,,,,,,,1,1,,
3051-10-0,1,,,,1,1,,,,,,
342C-10-0,,1,,,1,1,,,,,,
342N-10-0,,,,,,1,,1,,1,,
3574-31-0,1,1,,,,,,1,,,,
3741-10-0,,,,,,,,,1,1,,1
3746-31-0,1,1,,,,1,,,,,,
3751-10-0,1,,,,,,,,,,2,
3796-10-0,,,,,,,,,2,1,,
4005-10-0,1,,,2,,,,,,,,
4012-10-0,1,,,,,,,,,2,,
4014-10-0,,,,,1,,1,,,,,1
4024-10-0,,,1,,,1,1,,,,,
407R-10-0,,1,1,,,,1,,,,,
4093-10-0,,,,,,1,,,,,2,
4717-10-0,,1,,,,1,,,1,,,
4724-10-0,,,,,1,,,,1,1,,
509M-21-0,2,,1,,,,,,,,,
5103-21-0,,1,,1,1,,,,,,,
5109-10-0,,,,,,,,1,,1,1,
5145-41-0,,,,,1,,,,,,1,1
546J-10-0,1,1,,,,,,,,1,,
5757-51-0,1,,,,,,,,1,,,1
5759-10-0,,,,,,2,,1,,,,
6008-10-0,,,1,,,,,,,,1,1
6030-10-0,,2,,,,,,,,,,1
6036-10-0,,,,,,,,,,1,,2
6037-10-0,,,,,2,1,,,,,,
6062-51-0,,,,1,,,,,,,,2
6069-10-0,1,,,,,1,1,,,,,
6071-10-0,,,,,,,,,,1,2,
6076-10-0,1,,,2,,,,,,,,
6084-10-0,,,,,1,1,,,,,1,
609J-10-0,1,,,1,,,1,,,,,
6110-10-0,,,,,,,,,,3,,
637A-26-0,,3,,,,,,,,,,
695T-51-0,,,,1,,,,,,1,1,
7545-21-0,,,,,,1,,2,,,,
7725-10-0,,1,,,,1,,,,1,,
8009-10-0,,,,,,2,,,,,,1
8023-10-0,2,,,,,,1,,,,,
8025-10-0,,,1,1,,,,,1,,,
809N-10-0,,2,,,,1,,,,,,
809U-10-0,1,,,,1,,,,,,1,
9090-10-0,,,1,,,1,1,,,,,
971T-10-0,1,1,,,1,,,,,,,
N103-11-0,,,,1,1,,,,,1,,
N105-11-0,,,,,2,,,,,1,,
N132-11-0,,,,1,,,,1,,,1,
N231-11-0,,,,,,,1,1,,1,,
N242-11-0,,,1,,,,1,,,,1,
N245-11-0,1,,,,,,,,,1,1,
N307-11-0,,,,,,1,,,,1,,1
N340-11-0,,,1,,,1,1,,,,,
N434-11-0,,,,1,,,1,,,,1,
N436-11-0,1,,,1,,,1,,,,,
N533-11-0,1,,,1,,,,,,,1,
N539-11-0,1,,,,,,,2,,,,
N540-11-0,2,,,,,,,,1,,,
N639-11-0,,,,,1,,,1,1,,,
N736-11-0,1,,,,1,,1,,,,,
N741-11-0,,,,,,,,,,,3,
N744-11-0,,1,,,,1,,,,1,,
N832-11-0,,,,,,1,,,1,,1,
N836-11-0,1,,,,,,,,1,1,,
N837-11-0,,1,,,,1,,,1,,,
1178-33-0,1,,,1,,,,,,,,
1703-10-0,,2,,,,,,,,,,
172X-10-0,2,,,,,,,,,,,
1741-10-0,,,,,,,,1,1,,,
1765-10-0,,,1,,,,,1,,,,
177H-21-0,,1,,,,,,1,,,,
178Y-21-0,,,1,,,,,,1,,,
2012-10-0,,,,,,1,,1,,,,
2020-10-0,,1,1,,,,,,,,,
2022-10-0,,1,,,,,1,,,,,
2041-10-0,,2,,,,,,,,,,
213E-10-0,,,,,,1,,1,,,,
2463-10-0,,,1,,,,,,1,,,
2678-41-0,,,,,,1,,,,,1,
2713-10-0,,,,,,,1,,,,1,
273R-42-0,,,,,,,2,,,,,
3008-10-0,,,,,,,,,,,1,1
3026-10-0,,,1,,,,,,,,,1
3462-41-0,,,,,,,1,,,1,,
3728-10-0,,,,,,,,,1,,,1
3731-10-0,,,1,,1,,,,,,,
3738-10-0,,,,,,1,,1,,,,
373L-10-0,,,,,,,,,,1,,1
3756-10-0,1,,1,,,,,,,,,
3791-10-0,,,,,,,,1,1,,,
3795-10-0,1,1,,,,,,,,,,
4008-10-0,,,,,,,,,1,,1,
4032-10-0,,1,,,,,,,,,,1
407W-10-0,,,,,,,,2,,,,
5011-10-0,,,,,,,,,,,,2
5024-10-0,,,,,,,,,,,1,1
502J-21-0,,1,,,,,,1,,,,
5110-23-0,,,1,,,1,,,,,,
5318-22-0,,,,,,,,,,,,2
5391-22-0,,,,,,,,,,,,2
546J-31-0,,,,1,,,,,,,,1
573T-31-0,,,,,,,,,1,,1,
5759-31-0,,,,,,,,1,1,,,
6035-10-0,1,,,,,,,,,1,,
6041-10-0,1,,,,1,,,,,,,
6043-10-0,,,,1,,1,,,,,,
6050-10-0,,,,1,,,,,,1,,
6072-10-0,,1,,1,,,,,,,,
6073-10-0,,,,,,,1,,,1,,
6083-10-0,,1,,,,1,,,,,,
6092-10-0,1,,,,,,,,,,,1
609F-21-0,,1,,,,1,,,,,,
6116-10-0,,,1,,,1,,,,,,
6232-10-0,,,,,,,1,1,,,,
6L02-10-0,,,,,,,,1,,,,1
6L11-10-0,,,,,,,,1,,,,1
7011-10-0,,,,,,,,,,1,,1
7055-10-0,,,,,,,1,,,,1,
748A-41-0,,,,,1,,1,,,,,
7710-10-0,2,,,,,,,,,,,
8000-10-0,,,,,,,,,,,,2
8019-10-0,,,1,,,,,,,,,1
8020-10-0,,,1,,,,,,1,,,
809U-21-0,,,,,,,,1,,1,,
8542-21-0,1,,,,1,,,,,,,
8594-41-0,,,,,,1,,1,,,,
8600-22-0,,,,,,1,,,,,1,
9006-10-0,,,,,,1,,,,1,,
9020-10-0,,,,1,1,,,,,,,
9070-10-0,1,1,,,,,,,,,,
917M-31-0,,,,,,,1,,1,,,
938C-21-0,,,1,,,,1,,,,,
971A-10-0,,,,,,,,,1,,1,
9785-10-0,,1,,,,,,1,,,,
N135-11-0,,,,,1,1,,,,,,
N205-11-0,,,,,,2,,,,,,
N232-11-0,1,,,,,,,,,,1,
N241-11-0,,1,,,,,1,,,,,
N344-11-0,,,,,,1,,1,,,,
N402-11-0,,,,1,,,1,,,,,
N432-11-0,,1,,,1,,,,,,,
N437-11-0,1,,,,1,,,,,,,
N439-11-0,,,,,,1,1,,,,,
N508-11-0,,,,,,1,,,,,1,
N537-11-0,,,,,1,,1,,,,,
N604-11-0,,,,1,,,1,,,,,
N740-11-0,,,,1,1,,,,,,,
N743-11-0,1,,,,,,,,,1,,
N833-11-0,,,,,,,,,1,1,,
N841-11-0,,1,1,,,,,,,,,
1018-10-0,,,,,1,,,,,,,
1021-10-0,,,,1,,,,,,,,
1034-10-0,,,,,,,1,,,,,
1177-42-0,,,,,1,,,,,,,
1178-42-0,,1,,,,,,,,,,
1709-21-0,,1,,,,,,,,,,
172N-21-0,,1,,,,,,,,,,
1744-10-0,,,,,,,,,1,,,
2007-10-0,,,1,,,,,,,,,
2008-41-0,,,,,,,,,,1,,
2009-10-0,1,,,,,,,,,,,
2021-10-0,,,,,,,,,,,,1
2025-10-0,,,,,1,,,,,,,
2033-10-0,,,,,,,1,,,,,
2079-10-0,1,,,,,,,,,,,
2582-21-0,1,,,,,,,,,,,
2702-21-0,,,,,,,,,,1,,
2704-10-0,,1,,,,,,,,,,
2705-10-0,,,,,,,,1,,,,
2710-31-0,,,,,,,1,,,,,
2716-10-0,,,,,,,1,,,,,
271A-51-0,1,,,,,,,,,,,
2724-10-0,,,,,,,,,1,,,
2733-10-0,1,,,,,,,,,,,
2735-21-0,,,,,,1,,,,,,
273N-41-0,,,1,,,,,,,,,
3015-10-0,,,,,,,,,,,1,
3020-31-0,,,,1,,,,,,,,
3718-10-0,,1,,,,,,,,,,
3732-10-0,,,1,,,,,,,,,
3737-31-0,,,,,,,,,,,1,
3751-21-0,,,,,,,,,,,1,
3768-10-0,,,,,,,,,1,,,
4003-10-0,,,,,1,,,,,,,
4004-10-0,,,,,1,,,,,,,
4015-10-0,,,,,,,,,,,,1
4016-10-0,,,,,,1,,,,,,
4017-10-0,,,,,,,,,,1,,
4053-10-0,,,1,,,,,,,,,
4055-10-0,,,,,,,,,1,,,
4056-10-0,,1,,,,,,,,,,
407T-10-0,,,,,,,,,,,1,
4086-10-0,,,,,,,,,1,,,
4310-21-0,,,,,,,,1,,,,
4314-21-0,,1,,,,,,,,,,
4726-10-0,,1,,,,,,,,,,
476L-10-0,,,,,,,1,,,,,
5022-10-0,,,,,,1,,,,,,
5024-31-0,,,,,,,,,,,,1
5025-10-0,,1,,,,,,,,,,
5178-21-0,,,,,1,,,,,,,
5194-21-0,,,,,,,1,,,,,
546A-10-0,,,,,,,1,,,,,
5652-22-0,,,,,,,,,,,,1
574A-21-0,,,,,1,,,,,,,
5791-21-0,,,,,,1,,,,,,
6000-24-0,,1,,,,,,,,,,
6016-10-0,,,,,,,1,,,,,
6027-10-0,,,,,,,,,,,,1
6031-10-0,,,,,,,,,,,,1
6035-21-0,,,,1,,,,,,,,
6042-21-0,,1,,,,,,,,,,
6044-10-0,,,,,,,,1,,,,
6045-10-0,,,,,,1,,,,,,
6045-21-0,1,,,,,,,,,,,
6051-10-0,,,,,,,1,,,,,
6051-31-0,,,,,,,1,,,,,
6052-31-0,,,,,,,,,,,1,
6056-10-0,,,,,,,,1,,,,
6057-10-0,,,,,,,,,,,1,
6062-10-0,,,,,,,,,,1,,
6063-41-0,,,,,,,,,1,,,
6063-42-0,,,,,,,,1,,,,
6063-43-0,,,,1,,,,,,,,
6075-10-0,,,1,,,,,,,,,
6076-41-0,,,,,,,,,,,,1
607A-21-0,,,,,1,,,,,,,
6367-10-0,,,,,,,,,,,,1
6450-51-0,,,,,,,,,,,1,
6801-51-0,,,,,,,1,,,,,
6813-10-0,,,,,,,,,,,,1
695Y-41-0,,1,,,,,,,,,,
6L01-10-0,,,,,,,1,,,,,
6L03-10-0,,,,,1,,,,,,,
6L05-10-0,,,1,,,,,,,,,
7009-10-0,,,,,,,,,1,,,
7051-10-0,,,,,,,,1,,,,
7057-10-0,,,,1,,,,,,,,
714C-10-0,,,,1,,,,,,,,
745M-21-0,,,,,,,,,,,1,
746P-31-0,,,,,,,,1,,,,
756A-21-0,1,,,,,,,,,,,
8015-21-0,,,,,,,,,,,1,
8017-10-0,,,,,,,,,1,,,
8047-51-0,,,,,,1,,,,,,
8252-10-0,,,,,,,,,,,,1
857P-21-0,,,,,,,,,,,1,
8622-31-0,1,,,,,,,,,,,
8622-42-0,1,,,,,,,,,,,
8686-10-0,,,,,,,,1,,,,
8700-10-0,,,,,,,,,,1,,
9005-41-0,,,,,,,,,,,,1
9011-21-0,,,,,,1,,,,,,
9018-10-0,,1,,,,,,,,,,
9166-10-0,,,,,,,,,,,1,
9188-42-0,,,,,,1,,,,,,
971R-21-0,,,,,1,,,,,,,
971R-42-0,,,1,,,,,,,,,
N137-11-0,,,,,,,,,,,,1
N141-11-0,1,,,,,,,,,,,
N203-11-0,,,,,,,,,1,,,
N233-11-0,,,,,1,,,,,,,
N235-11-0,,,,,,,,,,,,1
N243-11-0,,,,,1,,,,,,,
N244-11-0,,,,1,,,,,,,,
N433-11-0,1,,,,,,,,,,,
N440-11-0,,,,,1,,,,,,,
N534-11-0,,1,,,,,,,,,,
N636-11-0,,,,,,,,,,1,,
N638-11-0,1,,,,,,,,,,,
N737-11-0,,,,,,,,,,,,1
N738-11-0,,,,,1,,,,,,,
N838-11-0,,,,,,1,,,,,,